0 NONE 0;-32767 0;0
1 NONE 0;-32767 0;0
2 NONE 0;-32767 0;0
3 NONE 0;-32767 0;0
4 NONE 0;-32767 0;0
5 NONE 0;-32767 0;0
10 KEY_A 0;0 0;0
180 KEY_PLUS 0;0 0;0
200 NONE 0;32767 0;0
201 NONE 0;32767 0;0
202 NONE 0;32767 0;0
203 NONE 0;32767 0;0
204 NONE 0;32767 0;0
205 NONE 0;32767 0;0
206 NONE 0;32767 0;0
207 NONE 0;32767 0;0
208 NONE 0;32767 0;0
209 NONE 0;32767 0;0
210 NONE 0;32767 0;0
211 NONE 0;32767 0;0
212 NONE 0;32767 0;0
213 NONE 0;32767 0;0
214 NONE 0;32767 0;0
215 NONE 0;32767 0;0
216 NONE 0;32767 0;0
217 NONE 0;32767 0;0
218 NONE 0;32767 0;0
219 NONE 0;32767 0;0
220 NONE 0;32767 0;0
221 NONE 0;32767 0;0
222 NONE 0;32767 0;0
223 NONE 0;32767 0;0
224 NONE 0;32767 0;0
225 NONE 0;32767 0;0
226 NONE 0;32767 0;0
227 NONE 0;32767 0;0
228 NONE 0;32767 0;0
229 NONE 0;32767 0;0
230 NONE 0;32767 0;0
231 NONE 0;32767 0;0
232 NONE 0;32767 0;0
233 NONE 0;32767 0;0
234 NONE 0;32767 0;0
235 NONE 0;32767 0;0
236 NONE 0;32767 0;0
237 NONE 0;32767 0;0
238 NONE 0;32767 0;0
239 NONE 0;32767 0;0
240 NONE 0;32767 0;0
241 NONE 0;32767 0;0
242 NONE 0;32767 0;0
243 NONE 0;32767 0;0
244 NONE 0;32767 0;0
245 NONE 0;32767 0;0
246 NONE 0;32767 0;0
247 NONE 0;32767 0;0
248 NONE 0;32767 0;0
249 NONE 0;32767 0;0
250 NONE 0;32767 0;0
251 NONE 0;32767 0;0
252 NONE 0;32767 0;0
253 NONE 0;32767 0;0
254 NONE 0;32767 0;0
255 NONE 0;32767 0;0
256 NONE 0;32767 0;0
257 NONE 0;32767 0;0
258 NONE 0;32767 0;0
259 NONE 0;32767 0;0
260 NONE 0;32767 0;0
261 NONE 0;32767 0;0
262 NONE 0;32767 0;0
263 NONE 0;32767 0;0
264 NONE 0;32767 0;0
265 NONE 0;32767 0;0
266 NONE 0;32767 0;0
267 NONE 0;32767 0;0
268 NONE 0;32767 0;0
269 NONE 0;32767 0;0
270 NONE 0;32767 0;0
271 NONE 0;32767 0;0
272 NONE 0;32767 0;0
273 NONE 0;32767 0;0
274 NONE 0;32767 0;0
275 NONE 0;32767 0;0
276 NONE 0;32767 0;0
277 NONE 0;32767 0;0
278 NONE 0;32767 0;0
279 NONE 0;32767 0;0
280 NONE 0;32767 0;0
281 NONE 0;32767 0;0
282 NONE 0;32767 0;0
283 NONE 0;32767 0;0
284 NONE 0;32767 0;0
285 NONE 0;32767 0;0
286 NONE 0;32767 0;0
287 NONE 0;32767 0;0
288 NONE 0;32767 0;0
289 NONE 0;32767 0;0
290 NONE 0;32767 0;0
291 NONE 0;32767 0;0
292 NONE 0;32767 0;0
293 NONE 0;32767 0;0
294 NONE 0;32767 0;0
295 NONE 0;32767 0;0
296 NONE 0;32767 0;0
297 NONE 0;32767 0;0
298 NONE 0;32767 0;0
299 NONE 0;32767 0;0
300 NONE 0;32767 0;0
301 NONE 0;32767 0;0
302 NONE 0;32767 0;0
303 NONE 0;32767 0;0
304 NONE 0;32767 0;0
305 NONE 0;32767 0;0
306 NONE 0;32767 0;0
307 NONE 0;32767 0;0
308 NONE 0;32767 0;0
309 NONE 0;32767 0;0
310 NONE 0;32767 0;0
311 NONE 0;32767 0;0
312 NONE 0;32767 0;0
313 NONE 0;32767 0;0
314 NONE 0;32767 0;0
315 NONE 0;32767 0;0
316 NONE 0;32767 0;0
317 NONE 0;32767 0;0
318 NONE 0;32767 0;0
319 NONE 0;32767 0;0
320 NONE 0;32767 0;0
321 NONE 0;32767 0;0
322 NONE 0;32767 0;0
323 NONE 0;32767 0;0
324 NONE 0;32767 0;0
325 NONE 0;32767 0;0
326 NONE 0;32767 0;0
327 NONE 0;32767 0;0
328 NONE 0;32767 0;0
329 NONE 0;32767 0;0
330 NONE 0;32767 0;0
331 NONE 0;32767 0;0
332 NONE 0;32767 0;0
333 NONE 0;32767 0;0
334 NONE 0;32767 0;0
335 NONE 0;32767 0;0
336 NONE 0;32767 0;0
337 NONE 0;32767 0;0
338 NONE 0;32767 0;0
339 NONE 0;32767 0;0
340 NONE 0;32767 0;0
341 NONE 0;32767 0;0
342 NONE 0;32767 0;0
343 NONE 0;32767 0;0
344 NONE 0;32767 0;0
345 NONE 0;32767 0;0
346 NONE 0;32767 0;0
347 NONE 0;32767 0;0
348 NONE 0;32767 0;0
349 NONE 0;32767 0;0
350 NONE 0;32767 0;0
351 NONE 0;32767 0;0
352 NONE 0;32767 0;0
353 NONE 0;32767 0;0
354 NONE 0;32767 0;0
355 NONE 0;32767 0;0
356 NONE 0;32767 0;0
357 NONE 0;32767 0;0
358 NONE 0;32767 0;0
359 NONE 0;32767 0;0
360 NONE 0;32767 0;0
361 NONE 0;32767 0;0
362 NONE 0;32767 0;0
363 NONE 0;32767 0;0
364 NONE 0;32767 0;0
365 NONE 0;32767 0;0
366 NONE 0;32767 0;0
367 NONE 0;32767 0;0
368 NONE 0;32767 0;0
369 NONE 0;32767 0;0
370 NONE 0;32767 0;0
371 NONE 0;32767 0;0
372 NONE 0;32767 0;0
373 NONE 0;32767 0;0
374 NONE 0;32767 0;0
375 NONE 0;32767 0;0
376 NONE 0;32767 0;0
377 NONE 0;32767 0;0
378 NONE 0;32767 0;0
379 NONE 0;32767 0;0
380 NONE 0;32767 0;0
381 NONE 0;32767 0;0
382 NONE 0;32767 0;0
383 NONE 0;32767 0;0
384 NONE 0;32767 0;0
385 NONE 0;32767 0;0
386 NONE 0;32767 0;0
387 NONE 0;32767 0;0
388 NONE 0;32767 0;0
389 NONE 0;32767 0;0
390 NONE -24643;21595 0;0
391 NONE -24643;21595 0;0
392 NONE -24643;21595 0;0
393 NONE -24643;21595 0;0
394 NONE -24643;21595 0;0
395 NONE 0;32767 0;0
396 NONE 0;32767 0;0
397 NONE 0;32767 0;0
398 NONE 0;32767 0;0
399 NONE 0;32767 0;0
400 NONE 0;32767 0;0
401 NONE 0;32767 0;0
402 NONE 0;32767 0;0
403 NONE 0;32767 0;0
404 NONE 0;32767 0;0
405 NONE 0;32767 0;0
406 NONE 0;32767 0;0
407 NONE 0;32767 0;0
408 NONE 0;32767 0;0
409 NONE 0;32767 0;0
410 NONE 0;32767 0;0
411 NONE 0;32767 0;0
412 NONE 0;32767 0;0
413 NONE 0;32767 0;0
414 NONE 0;32767 0;0
415 NONE 0;32767 0;0
416 NONE 0;32767 0;0
417 NONE 0;32767 0;0
418 NONE 0;32767 0;0
419 NONE 0;32767 0;0
420 NONE 0;32767 0;0
421 NONE 0;32767 0;0
422 NONE 0;32767 0;0
423 NONE 0;32767 0;0
424 NONE 0;32767 0;0
425 NONE 0;32767 0;0
426 NONE 0;32767 0;0
427 NONE 0;32767 0;0
428 NONE 0;32767 0;0
429 NONE 0;32767 0;0
430 NONE 0;32767 0;0
431 NONE 0;32767 0;0
432 NONE 0;32767 0;0
433 NONE 0;32767 0;0
434 NONE 0;32767 0;0
435 NONE 0;32767 0;0
436 NONE 0;32767 0;0
437 NONE 0;32767 0;0
438 NONE 0;32767 0;0
439 NONE 0;32767 0;0
440 NONE 0;32767 0;0
441 NONE 0;32767 0;0
442 NONE 0;32767 0;0
443 NONE 0;32767 0;0
444 NONE 0;32767 0;0
445 NONE 0;32767 0;0
446 NONE 0;32767 0;0
447 NONE 0;32767 0;0
448 NONE 0;32767 0;0
449 NONE 0;32767 0;0
450 NONE 0;32767 0;0
451 NONE 0;32767 0;0
452 NONE 0;32767 0;0
453 NONE 0;32767 0;0
454 NONE 0;32767 0;0
455 NONE 0;32767 0;0
456 NONE 0;32767 0;0
457 NONE 0;32767 0;0
458 NONE 0;32767 0;0
459 NONE 0;32767 0;0
460 NONE 0;32767 0;0
461 NONE 0;32767 0;0
462 NONE 0;32767 0;0
463 NONE 0;32767 0;0
464 NONE 0;32767 0;0
465 NONE 0;32767 0;0
466 NONE 0;32767 0;0
467 NONE 0;32767 0;0
468 NONE 0;32767 0;0
469 NONE 0;32767 0;0
470 NONE 0;32767 0;0
471 NONE 0;32767 0;0
472 NONE 0;32767 0;0
473 NONE 0;32767 0;0
474 NONE 0;32767 0;0
475 NONE 0;32767 0;0
476 NONE 0;32767 0;0
477 NONE 0;32767 0;0
478 NONE 0;32767 0;0
479 NONE 0;32767 0;0
480 NONE 0;32767 0;0
481 NONE 0;32767 0;0
482 NONE 0;32767 0;0
483 NONE 0;32767 0;0
484 NONE 0;32767 0;0
485 NONE 0;32767 0;0
486 NONE 0;32767 0;0
487 NONE 0;32767 0;0
488 NONE 0;32767 0;0
489 NONE 0;32767 0;0
490 NONE 0;32767 0;0
491 NONE 0;32767 0;0
492 NONE 0;32767 0;0
493 NONE 0;32767 0;0
494 NONE 0;32767 0;0
495 NONE 0;32767 0;0
496 NONE 0;32767 0;0
497 NONE 0;32767 0;0
498 NONE 0;32767 0;0
499 NONE 0;32767 0;0
500 NONE 0;32767 0;0
501 NONE 0;32767 0;0
502 NONE 0;32767 0;0
503 NONE 0;32767 0;0
504 NONE 0;32767 0;0
505 NONE 0;32767 0;0
506 NONE 0;32767 0;0
507 NONE 0;32767 0;0
508 NONE 0;32767 0;0
509 NONE 0;32767 0;0
510 NONE 0;32767 0;0
511 NONE 0;32767 0;0
512 NONE 0;32767 0;0
513 NONE 0;32767 0;0
514 NONE 0;32767 0;0
515 NONE 0;32767 0;0
516 NONE 0;32767 0;0
517 NONE 0;32767 0;0
518 NONE 0;32767 0;0
519 NONE 0;32767 0;0
520 NONE 0;32767 0;0
521 NONE 0;32767 0;0
522 NONE 0;32767 0;0
523 NONE 0;32767 0;0
524 NONE 0;32767 0;0
525 NONE 0;32767 0;0
526 NONE 0;32767 0;0
527 NONE 0;32767 0;0
528 NONE 0;32767 0;0
529 NONE 0;32767 0;0
530 NONE 0;32767 0;0
531 NONE 0;32767 0;0
532 NONE 0;32767 0;0
533 NONE 0;32767 0;0
534 NONE 0;32767 0;0
535 NONE 0;32767 0;0
536 NONE 0;32767 0;0
537 NONE 0;32767 0;0
538 NONE 0;32767 0;0
539 NONE 0;32767 0;0
540 NONE 0;32767 0;0
541 NONE 0;32767 0;0
542 NONE 0;32767 0;0
543 NONE 0;32767 0;0
544 NONE 0;32767 0;0
545 NONE 0;32767 0;0
546 NONE 0;32767 0;0
547 NONE 0;32767 0;0
548 NONE 0;32767 0;0
549 NONE 0;32767 0;0
550 NONE 0;32767 0;0
551 NONE 0;32767 0;0
552 NONE 0;32767 0;0
553 NONE 0;32767 0;0
554 NONE 0;32767 0;0
555 NONE 0;32767 0;0
556 NONE 0;32767 0;0
557 NONE 0;32767 0;0
558 NONE 0;32767 0;0
559 NONE 0;32767 0;0
560 NONE 0;32767 0;0
561 NONE 0;32767 0;0
562 NONE 0;32767 0;0
563 NONE 0;32767 0;0
564 NONE 0;32767 0;0
565 NONE 0;32767 0;0
566 NONE 0;32767 0;0
567 NONE 0;32767 0;0
568 NONE 0;32767 0;0
569 NONE 0;32767 0;0
570 NONE 0;32767 0;0
571 NONE 0;32767 0;0
572 NONE 0;32767 0;0
573 NONE 0;32767 0;0
574 NONE 0;32767 0;0
575 NONE 0;32767 0;0
576 NONE 0;32767 0;0
577 NONE 0;32767 0;0
578 NONE 0;32767 0;0
579 NONE 0;32767 0;0
580 NONE 0;32767 0;0
581 NONE 0;32767 0;0
582 NONE 0;32767 0;0
583 NONE 0;32767 0;0
584 NONE 0;32767 0;0
585 NONE 0;32767 0;0
586 NONE 0;32767 0;0
587 NONE 0;32767 0;0
588 NONE 0;32767 0;0
589 NONE 0;32767 0;0
590 NONE 0;32767 0;0
591 NONE 0;32767 0;0
592 NONE 0;32767 0;0
593 NONE 0;32767 0;0
594 NONE 0;32767 0;0
595 NONE 0;32767 0;0
596 NONE 0;32767 0;0
597 NONE 0;32767 0;0
598 NONE 0;32767 0;0
599 NONE 0;32767 0;0
600 NONE 0;32767 0;0
601 NONE 0;32767 0;0
602 NONE 0;32767 0;0
603 NONE 0;32767 0;0
604 NONE 0;32767 0;0
605 NONE 0;32767 0;0
606 NONE 0;32767 0;0
607 NONE 0;32767 0;0
608 NONE 0;32767 0;0
609 NONE 0;32767 0;0
610 NONE 0;32767 0;0
611 NONE 0;32767 0;0
612 NONE 0;32767 0;0
613 NONE 0;32767 0;0
614 NONE 0;32767 0;0
615 NONE 0;32767 0;0
616 NONE 0;32767 0;0
617 NONE 0;32767 0;0
618 NONE 0;32767 0;0
619 NONE 0;32767 0;0
620 NONE 0;32767 0;0
621 NONE 0;32767 0;0
622 NONE 0;32767 0;0
623 NONE 0;32767 0;0
624 NONE 0;32767 0;0
625 NONE 0;32767 0;0
626 NONE 0;32767 0;0
627 NONE 0;32767 0;0
628 NONE 0;32767 0;0
629 NONE 0;32767 0;0
630 NONE 0;32767 0;0
631 NONE 0;32767 0;0
632 NONE 0;32767 0;0
633 NONE 0;32767 0;0
634 NONE 0;32767 0;0
635 NONE 0;32767 0;0
636 NONE 0;32767 0;0
637 NONE 0;32767 0;0
638 NONE 0;32767 0;0
639 NONE 0;32767 0;0
640 NONE 0;32767 0;0
641 NONE 0;32767 0;0
642 NONE 0;32767 0;0
643 NONE 0;32767 0;0
644 NONE 0;32767 0;0
645 NONE 0;32767 0;0
646 NONE 0;32767 0;0
647 NONE 0;32767 0;0
648 NONE 0;32767 0;0
649 NONE 0;32767 0;0
650 NONE 0;32767 0;0
651 NONE 0;32767 0;0
652 NONE 0;32767 0;0
653 NONE 0;32767 0;0
654 NONE 0;32767 0;0
655 NONE 0;32767 0;0
656 NONE 0;32767 0;0
657 NONE 0;32767 0;0
658 NONE 0;32767 0;0
659 NONE 0;32767 0;0
660 NONE 0;32767 0;0
661 NONE 0;32767 0;0
662 NONE 0;32767 0;0
663 NONE 0;32767 0;0
664 NONE 0;32767 0;0
665 NONE 0;32767 0;0
666 NONE 0;32767 0;0
667 NONE 0;32767 0;0
668 NONE 0;32767 0;0
669 NONE 0;32767 0;0
670 NONE 0;32767 0;0
671 NONE 0;32767 0;0
672 NONE 0;32767 0;0
673 NONE 0;32767 0;0
674 NONE 0;32767 0;0
675 NONE 0;32767 0;0
676 NONE 0;32767 0;0
677 NONE 0;32767 0;0
678 NONE 0;32767 0;0
679 NONE 0;32767 0;0
680 NONE 0;32767 0;0
681 NONE 0;32767 0;0
682 NONE 0;32767 0;0
683 NONE 0;32767 0;0
684 NONE 0;32767 0;0
685 NONE 0;32767 0;0
686 NONE 0;32767 0;0
687 NONE 0;32767 0;0
688 NONE 0;32767 0;0
689 NONE 0;32767 0;0
690 NONE 0;32767 0;0
691 NONE 0;32767 0;0
692 NONE 0;32767 0;0
693 NONE 0;32767 0;0
694 NONE 0;32767 0;0
695 NONE 0;32767 0;0
696 NONE 0;32767 0;0
697 NONE 0;32767 0;0
698 NONE 0;32767 0;0
699 NONE 0;32767 0;0
700 NONE 0;32767 0;0
701 NONE 0;32767 0;0
702 NONE 0;32767 0;0
703 NONE 0;32767 0;0
704 NONE 0;32767 0;0
705 NONE 0;32767 0;0
706 NONE 0;32767 0;0
707 NONE 0;32767 0;0
708 NONE 0;32767 0;0
709 NONE 0;32767 0;0
710 NONE 0;32767 0;0
711 NONE 0;32767 0;0
712 NONE 0;32767 0;0
713 NONE 0;32767 0;0
714 NONE 0;32767 0;0
715 NONE 0;32767 0;0
716 NONE 0;32767 0;0
717 NONE 0;32767 0;0
718 NONE 0;32767 0;0
719 NONE 0;32767 0;0
720 NONE 0;32767 0;0
721 NONE 0;32767 0;0
722 NONE 0;32767 0;0
723 NONE 0;32767 0;0
724 NONE 0;32767 0;0
725 NONE 0;32767 0;0
726 NONE 0;32767 0;0
727 NONE 0;32767 0;0
728 NONE 0;32767 0;0
729 NONE 0;32767 0;0
730 NONE 0;32767 0;0
731 NONE 0;32767 0;0
732 NONE 0;32767 0;0
733 NONE 0;32767 0;0
734 NONE 0;32767 0;0
735 NONE 0;32767 0;0
736 NONE 0;32767 0;0
737 NONE 0;32767 0;0
738 NONE 0;32767 0;0
739 NONE 0;32767 0;0
740 NONE 0;32767 0;0
741 NONE 0;32767 0;0
742 NONE 0;32767 0;0
743 NONE 0;32767 0;0
744 NONE 0;32767 0;0
745 NONE 0;32767 0;0
746 NONE 0;32767 0;0
747 NONE 0;32767 0;0
748 NONE 0;32767 0;0
749 NONE 0;32767 0;0
750 NONE 0;32767 0;0
751 NONE 0;32767 0;0
752 NONE 0;32767 0;0
753 NONE 0;32767 0;0
754 NONE 0;32767 0;0
755 NONE 0;32767 0;0
756 NONE 0;32767 0;0
757 NONE 0;32767 0;0
758 NONE 0;32767 0;0
759 NONE 0;32767 0;0
760 NONE 0;32767 0;0
761 NONE 0;32767 0;0
762 NONE 0;32767 0;0
763 NONE 0;32767 0;0
764 NONE 0;32767 0;0
765 NONE 0;32767 0;0
766 NONE 0;32767 0;0
767 NONE 0;32767 0;0
768 NONE 0;32767 0;0
769 NONE 0;32767 0;0
770 NONE 0;32767 0;0
771 NONE 0;32767 0;0
772 NONE 0;32767 0;0
773 NONE 0;32767 0;0
774 NONE 0;32767 0;0
775 NONE 0;32767 0;0
776 NONE 0;32767 0;0
777 NONE 0;32767 0;0
778 NONE 0;32767 0;0
779 NONE 0;32767 0;0
780 NONE 0;32767 0;0
781 NONE 0;32767 0;0
782 NONE 0;32767 0;0
783 NONE 0;32767 0;0
784 NONE 0;32767 0;0
785 NONE 0;32767 0;0
786 NONE 0;32767 0;0
787 NONE 0;32767 0;0
788 NONE 0;32767 0;0
789 NONE 0;32767 0;0
790 NONE 0;32767 0;0
791 NONE 0;32767 0;0
792 NONE 0;32767 0;0
793 NONE 0;32767 0;0
794 NONE 0;32767 0;0
795 NONE 0;32767 0;0
796 NONE 0;32767 0;0
797 NONE 0;32767 0;0
798 NONE 0;32767 0;0
799 NONE 0;32767 0;0
800 NONE 0;32767 0;0
801 NONE 0;32767 0;0
802 NONE 0;32767 0;0
803 NONE 0;32767 0;0
804 NONE 0;32767 0;0
805 NONE 0;32767 0;0
806 NONE 0;32767 0;0
807 NONE 0;32767 0;0
808 NONE 0;32767 0;0
809 NONE 0;32767 0;0
810 NONE 0;32767 0;0
811 NONE 0;32767 0;0
812 NONE 0;32767 0;0
813 NONE 0;32767 0;0
814 NONE 0;32767 0;0
815 NONE 0;32767 0;0
816 NONE 0;32767 0;0
817 NONE 0;32767 0;0
818 NONE 0;32767 0;0
819 NONE 0;32767 0;0
820 NONE 0;32767 0;0
821 KEY_B 0;32767 0;0
822 NONE 0;32767 0;0
823 KEY_B 0;32767 0;0
824 NONE 0;32767 0;0
825 KEY_B 0;32767 0;0
826 NONE 0;32767 0;0
827 KEY_B 0;32767 0;0
828 NONE 0;32767 0;0
829 KEY_B 0;32767 0;0
830 NONE 0;32767 0;0
831 KEY_B 0;0 0;0
833 KEY_B 0;0 0;0
835 KEY_B 0;0 0;0
837 KEY_B 0;0 0;0
839 KEY_B 0;0 0;0
841 KEY_B 0;0 0;0
843 KEY_B 0;0 0;0
845 KEY_B 0;0 0;0
847 KEY_B 0;0 0;0
849 KEY_B 0;0 0;0
851 KEY_B 0;0 0;0
853 KEY_B 0;0 0;0
855 KEY_B 0;0 0;0
857 KEY_B 0;0 0;0
859 KEY_B 0;0 0;0
861 KEY_B 0;0 0;0
863 KEY_B 0;0 0;0
865 KEY_B 0;0 0;0
867 KEY_B 0;0 0;0
869 KEY_B 0;0 0;0
871 KEY_B 0;0 0;0
873 KEY_B 0;0 0;0
875 KEY_B 0;0 0;0
877 KEY_B 0;0 0;0
879 KEY_B 0;0 0;0
881 KEY_B 0;0 0;0
883 KEY_B 0;0 0;0
885 KEY_B 0;0 0;0
887 KEY_B 0;0 0;0
889 KEY_B 0;0 0;0
891 KEY_B 0;0 0;0
893 KEY_B 0;0 0;0
895 KEY_B 0;0 0;0
897 KEY_B 0;0 0;0
899 KEY_B 0;0 0;0
901 KEY_B 0;0 0;0
903 KEY_B 0;0 0;0
905 KEY_B 0;0 0;0
907 KEY_B 0;0 0;0
909 KEY_B 0;0 0;0
911 KEY_B 0;0 0;0
913 KEY_B 0;0 0;0
915 KEY_B 0;0 0;0
917 KEY_B 0;0 0;0
919 KEY_B 0;0 0;0
921 KEY_B 0;0 0;0
923 KEY_B 0;0 0;0
925 KEY_B 0;0 0;0
927 KEY_B 0;0 0;0
929 KEY_B 0;0 0;0
931 KEY_B 0;0 0;0
933 KEY_B 0;0 0;0
935 KEY_B 0;0 0;0
937 KEY_B 0;0 0;0
939 KEY_B 0;0 0;0
941 KEY_B 0;0 0;0
943 KEY_B 0;0 0;0
945 KEY_B 0;0 0;0
947 KEY_B 0;0 0;0
949 KEY_B 0;0 0;0
951 KEY_B 0;0 0;0
953 KEY_B 0;0 0;0
955 KEY_B 0;0 0;0
957 KEY_B 0;0 0;0
959 KEY_B 0;0 0;0
961 KEY_B 0;0 0;0
963 KEY_B 0;0 0;0
965 KEY_B 0;0 0;0
967 KEY_B 0;0 0;0
969 KEY_B 0;0 0;0
971 KEY_B 0;0 0;0
973 KEY_B 0;0 0;0
975 KEY_B 0;0 0;0
977 KEY_B 0;0 0;0
979 KEY_B 0;0 0;0
981 KEY_B 0;0 0;0
983 KEY_B 0;0 0;0
985 KEY_B 0;0 0;0
987 KEY_B 0;0 0;0
989 KEY_B 0;0 0;0
991 KEY_B 0;0 0;0
993 KEY_B 0;0 0;0
995 KEY_B 0;0 0;0
997 KEY_B 0;0 0;0
999 KEY_B 0;0 0;0
1001 KEY_B 0;0 0;0
1003 KEY_B 0;0 0;0
1005 KEY_B 0;0 0;0
1007 KEY_B 0;0 0;0
1009 KEY_B 0;0 0;0
1011 KEY_B 0;0 0;0
1013 KEY_B 0;0 0;0
1015 KEY_B 0;0 0;0
1017 KEY_B 0;0 0;0
1019 KEY_B 0;0 0;0
1021 KEY_B 0;0 0;0
1023 KEY_B 0;0 0;0
1025 KEY_B 0;0 0;0
1027 KEY_B 0;0 0;0
1029 KEY_B 0;0 0;0
1031 KEY_B 0;0 0;0
1033 KEY_B 0;0 0;0
1035 KEY_B 0;0 0;0
1037 KEY_B 0;0 0;0
1039 KEY_B 0;0 0;0
1041 KEY_B 0;0 0;0
1043 KEY_B 0;0 0;0
1045 KEY_B 0;0 0;0
1047 KEY_B 0;0 0;0
1049 KEY_B 0;0 0;0
1051 KEY_B 0;0 0;0
1053 KEY_B 0;0 0;0
1055 KEY_B 0;0 0;0
1057 KEY_B 0;0 0;0
1059 KEY_B 0;0 0;0
1061 KEY_B 0;0 0;0
1063 KEY_B 0;0 0;0
1065 KEY_B 0;0 0;0
1067 KEY_B 0;0 0;0
1069 KEY_B 0;0 0;0
1071 KEY_B 0;0 0;0
1073 KEY_B 0;0 0;0
1075 KEY_B 0;0 0;0
1077 KEY_B 0;0 0;0
1079 KEY_B 0;0 0;0
1081 KEY_B 0;32767 0;0
1082 NONE 0;32767 0;0
1083 KEY_B 0;32767 0;0
1084 NONE 0;32767 0;0
1085 KEY_B 0;32767 0;0
1086 NONE 0;32767 0;0
1087 KEY_B 0;32767 0;0
1088 NONE 0;32767 0;0
1089 KEY_B 0;32767 0;0
1090 NONE 0;32767 0;0
1091 KEY_B 0;32767 0;0
1092 NONE 0;32767 0;0
1093 KEY_B 0;32767 0;0
1094 NONE 0;32767 0;0
1095 NONE 0;32767 0;0
1096 NONE 0;32767 0;0
1097 NONE 0;32767 0;0
1098 NONE 0;32767 0;0
1099 NONE 0;32767 0;0
1100 NONE 0;32767 0;0
1101 NONE 0;32767 0;0
1102 NONE 0;32767 0;0
1103 NONE 0;32767 0;0
1104 NONE 0;32767 0;0
1105 NONE 0;32767 0;0
1106 NONE 0;32767 0;0
1107 NONE 0;32767 0;0
1108 NONE 0;32767 0;0
1109 NONE 0;32767 0;0
1110 NONE 0;32767 0;0
1111 NONE 0;32767 0;0
1112 NONE 0;32767 0;0
1113 NONE 0;32767 0;0
1114 NONE 0;32767 0;0
1115 NONE 0;32767 0;0
1116 NONE 0;32767 0;0
1117 NONE 0;32767 0;0
1118 NONE 0;32767 0;0
1119 NONE 0;32767 0;0
1120 NONE 0;32767 0;0
1121 NONE 0;32767 0;0
1122 NONE 0;32767 0;0
1123 NONE 0;32767 0;0
1124 NONE 0;32767 0;0
1125 NONE 0;32767 0;0
1126 NONE 0;32767 0;0
1127 NONE 0;32767 0;0
1128 NONE 0;32767 0;0
1129 NONE 0;32767 0;0
1130 NONE 0;32767 0;0
1131 NONE 0;32767 0;0
1132 NONE 0;32767 0;0
1133 NONE 0;32767 0;0
1134 NONE 0;32767 0;0
1135 NONE 0;32767 0;0
1136 NONE 0;32767 0;0
1137 NONE 0;32767 0;0
1138 NONE 0;32767 0;0
1139 NONE 0;32767 0;0
1140 NONE 0;32767 0;0
1141 NONE 0;32767 0;0
1142 NONE 0;32767 0;0
1143 NONE 0;32767 0;0
1144 NONE 0;32767 0;0
1145 NONE 0;32767 0;0
1146 NONE 0;32767 0;0
1147 NONE 0;32767 0;0
1148 NONE 0;32767 0;0
1149 NONE 0;32767 0;0
1150 NONE 0;32767 0;0
1151 NONE 0;32767 0;0
1152 NONE 0;32767 0;0
1153 NONE 0;32767 0;0
1154 NONE 0;32767 0;0
1155 NONE 0;32767 0;0
1156 NONE 0;32767 0;0
1157 NONE 0;32767 0;0
1158 NONE 0;32767 0;0
1159 NONE 0;32767 0;0
1160 NONE 0;32767 0;0
1161 NONE 0;32767 0;0
1162 NONE 0;32767 0;0
11000 KEY_A 0;0 0;0
