0 NONE -419;-32764 0;0
1 KEY_A 0;0 0;0
50 KEY_A 0;0 0;0
267 KEY_PLUS 0;0 0;0
450 KEY_A -32767;0 0;0
451 NONE 32767;0 0;0
452 KEY_A -32767;0 0;0
453 NONE 32767;0 0;0
454 KEY_A -32767;0 0;0
455 NONE 32767;0 0;0
456 KEY_A -32767;0 0;0
457 NONE 32767;0 0;0
458 KEY_A -32767;0 0;0
459 NONE 32767;0 0;0
460 KEY_A -32767;0 0;0
461 NONE 32767;0 0;0
462 KEY_A -32767;0 0;0
463 NONE 32767;0 0;0
464 KEY_A -32767;0 0;0
465 NONE 32767;0 0;0
466 KEY_A -32767;0 0;0
467 NONE 32767;0 0;0
468 KEY_A -32767;0 0;0
469 NONE 32767;0 0;0
470 KEY_A -32767;0 0;0
471 NONE 32767;0 0;0
472 KEY_A -32767;0 0;0
473 NONE 32767;0 0;0
474 KEY_A -32767;0 0;0
475 NONE 32767;0 0;0
476 KEY_A -32767;0 0;0
477 NONE 32767;0 0;0
478 KEY_A -32767;0 0;0
479 NONE 32767;0 0;0
480 KEY_A -32767;0 0;0
481 NONE 32767;0 0;0
482 KEY_A -32767;0 0;0
483 NONE 32767;0 0;0
484 KEY_A -32767;0 0;0
485 NONE 32767;0 0;0
486 KEY_A -32767;0 0;0
487 NONE 32767;0 0;0
488 KEY_A -32767;0 0;0
489 NONE 32767;0 0;0
490 KEY_A -32767;0 0;0
491 NONE 32767;0 0;0
492 KEY_A -32767;0 0;0
493 NONE 32767;0 0;0
494 KEY_A -32767;0 0;0
495 NONE 32767;0 0;0
496 KEY_A -32767;0 0;0
497 NONE 32767;0 0;0
498 KEY_A -32767;0 0;0
499 NONE 32767;0 0;0
500 KEY_A -32767;0 0;0
501 NONE 32767;0 0;0
502 KEY_A -32767;0 0;0
503 NONE 32767;0 0;0
504 KEY_A -32767;0 0;0
505 NONE 32767;0 0;0
506 KEY_A -32767;0 0;0
507 NONE 32767;0 0;0
508 KEY_A -32767;0 0;0
509 NONE 32767;0 0;0
510 KEY_A -32767;0 0;0
511 NONE 32767;0 0;0
512 KEY_A -32767;0 0;0
513 NONE 32767;0 0;0
514 KEY_A -32767;0 0;0
515 NONE 32767;0 0;0
516 KEY_A -32767;0 0;0
517 NONE 32767;0 0;0
518 KEY_A -32767;0 0;0
519 NONE 32767;0 0;0
520 KEY_A -32767;0 0;0
521 NONE 32767;0 0;0
522 KEY_A -32767;0 0;0
523 NONE 32767;0 0;0
524 KEY_A -32767;0 0;0
525 NONE 32767;0 0;0
526 KEY_A -32767;0 0;0
527 NONE 32767;0 0;0
528 KEY_A -32767;0 0;0
529 NONE 32767;0 0;0
530 KEY_A -32767;0 0;0
531 NONE 32767;0 0;0
532 KEY_A -32767;0 0;0
533 NONE 32767;0 0;0
534 KEY_A -32767;0 0;0
535 NONE 32767;0 0;0
536 KEY_A -32767;0 0;0
537 NONE 32767;0 0;0
538 KEY_A -32767;0 0;0
539 NONE 32767;0 0;0
540 KEY_A -32767;0 0;0
541 NONE 32767;0 0;0
542 KEY_A -32767;0 0;0
543 NONE 32767;0 0;0
544 KEY_A -32767;0 0;0
545 NONE 32767;0 0;0
546 KEY_A -32767;0 0;0
547 NONE 32767;0 0;0
548 KEY_A -32767;0 0;0
549 NONE 32767;0 0;0
550 KEY_A -32767;0 0;0
551 NONE 32767;0 0;0
552 KEY_A -32767;0 0;0
553 NONE 32767;0 0;0
554 KEY_A -32767;0 0;0
555 NONE 32767;0 0;0
556 KEY_A -32767;0 0;0
557 NONE 32767;0 0;0
558 KEY_A -32767;0 0;0
559 NONE 32767;0 0;0
560 KEY_A 32767;0 0;0
561 NONE 32767;0 0;0
562 KEY_A 32767;0 0;0
563 NONE 32767;0 0;0
564 KEY_A 32767;0 0;0
565 NONE 32767;0 0;0
566 KEY_A 32767;0 0;0
567 NONE 32767;0 0;0
568 KEY_A 32767;0 0;0
569 NONE 32767;0 0;0
570 KEY_A 32767;0 0;0
571 NONE 32767;0 0;0
572 KEY_A 32767;0 0;0
573 NONE 32767;0 0;0
574 KEY_A 32767;0 0;0
575 NONE 32767;0 0;0
576 KEY_A 32767;0 0;0
577 NONE 32767;0 0;0
578 KEY_A 32767;0 0;0
579 NONE 32767;0 0;0
580 KEY_A 32767;0 0;0
581 NONE 32767;0 0;0
582 KEY_A 32767;0 0;0
583 NONE 32767;0 0;0
584 KEY_A 32767;0 0;0
585 NONE 32767;0 0;0
586 KEY_A 32767;0 0;0
587 NONE 32767;0 0;0
588 KEY_A 32767;0 0;0
589 NONE 32767;0 0;0
590 KEY_A 32767;0 0;0
591 NONE 32767;0 0;0
592 KEY_A 32767;0 0;0
593 NONE 32767;0 0;0
594 KEY_A 32767;0 0;0
595 NONE 32767;0 0;0
596 KEY_A 32767;0 0;0
597 NONE 32767;0 0;0
598 KEY_A 32767;0 0;0
599 NONE 32767;0 0;0
600 KEY_A 32767;0 0;0
602 KEY_A 0;0 0;0
604 KEY_A 0;0 0;0
606 KEY_A 0;0 0;0
608 KEY_A 0;0 0;0
610 KEY_A 0;0 0;0
612 KEY_A 0;0 0;0
614 KEY_A 0;0 0;0
616 KEY_A 0;0 0;0
618 KEY_A 0;0 0;0
620 KEY_A 0;0 0;0
622 KEY_A 0;0 0;0
624 KEY_A 0;0 0;0
626 KEY_A 0;0 0;0
628 KEY_A 0;0 0;0
630 KEY_A 0;0 0;0
632 KEY_A 0;0 0;0
634 KEY_A 0;0 0;0
636 KEY_A 0;0 0;0
638 KEY_A 0;0 0;0
640 KEY_A 0;0 0;0
642 KEY_A 0;0 0;0
644 KEY_A 0;0 0;0
646 KEY_A 0;0 0;0
648 KEY_A 0;0 0;0
650 KEY_A 0;0 0;0
652 KEY_A 0;0 0;0
654 KEY_A 0;0 0;0
656 KEY_A 0;0 0;0
658 KEY_A 0;0 0;0
660 KEY_A 0;0 0;0
662 KEY_A 0;0 0;0
664 KEY_A 0;0 0;0
666 KEY_A 0;0 0;0
668 KEY_A 0;0 0;0
670 KEY_A 0;0 0;0
672 KEY_A 0;0 0;0
674 KEY_A 0;0 0;0
676 KEY_A 0;0 0;0
678 KEY_A 0;0 0;0
680 KEY_A 0;0 0;0
682 KEY_A 0;0 0;0
684 KEY_A 0;0 0;0
686 KEY_A 0;0 0;0
688 KEY_A 0;0 0;0
690 KEY_A 0;0 0;0
692 KEY_A 0;0 0;0
694 KEY_A 0;0 0;0
696 KEY_A 0;0 0;0
698 KEY_A 0;0 0;0
700 KEY_A 0;0 0;0
702 KEY_A 0;0 0;0
704 KEY_A 0;0 0;0
706 KEY_A 0;0 0;0
708 KEY_A 0;0 0;0
710 KEY_A 0;0 0;0
712 KEY_A 0;0 0;0
714 KEY_A 0;0 0;0
716 KEY_A 0;0 0;0
718 KEY_A 0;0 0;0
720 KEY_A 0;0 0;0
722 KEY_A 0;0 0;0
724 KEY_A 0;0 0;0
726 KEY_A 0;0 0;0
728 KEY_A 0;0 0;0
730 KEY_A 0;0 0;0
732 KEY_A 0;0 0;0
734 KEY_A 0;0 0;0
736 KEY_A 0;0 0;0
738 KEY_A 0;0 0;0
740 KEY_A 0;0 0;0
742 KEY_A 0;0 0;0
744 KEY_A 0;0 0;0
746 KEY_A 0;0 0;0
748 KEY_A 0;0 0;0
750 KEY_A 0;0 0;0
752 KEY_A 0;0 0;0
754 KEY_A 0;0 0;0
756 KEY_A 0;0 0;0
758 KEY_A 0;0 0;0
760 KEY_A 0;0 0;0
762 KEY_A 0;0 0;0
764 KEY_A 0;0 0;0
766 KEY_A 0;0 0;0
768 KEY_A 0;0 0;0
770 KEY_A 0;0 0;0
772 KEY_A 0;0 0;0
774 KEY_A 0;0 0;0
776 KEY_A 0;0 0;0
778 KEY_A 0;0 0;0
780 KEY_A 0;0 0;0
782 KEY_A 0;0 0;0
784 KEY_A 0;0 0;0
786 KEY_A 0;0 0;0
788 KEY_A 0;0 0;0
790 KEY_A 0;0 0;0
792 KEY_A 0;0 0;0
794 KEY_A 0;0 0;0
796 KEY_A 0;0 0;0
798 KEY_A 0;0 0;0
800 KEY_A 0;0 0;0
802 KEY_A 0;0 0;0
804 KEY_A 0;0 0;0
806 KEY_A 0;0 0;0
808 KEY_A 0;0 0;0
810 KEY_A 0;0 0;0
812 KEY_A 0;0 0;0
814 KEY_A 0;0 0;0
816 KEY_A 0;0 0;0
818 KEY_A 0;0 0;0
820 KEY_A 0;0 0;0
822 KEY_A 0;0 0;0
824 KEY_A 0;0 0;0
826 KEY_A 0;0 0;0
828 KEY_A 0;0 0;0
829 NONE -32767;0 0;0
830 KEY_A -32767;0 0;0
831 NONE -32767;0 0;0
832 KEY_A -32767;0 0;0
833 NONE -32767;0 0;0
834 KEY_A -32767;0 0;0
835 NONE -32767;0 0;0
836 KEY_A -32767;0 0;0
837 NONE -32767;0 0;0
838 KEY_A -32767;0 0;0
839 NONE -32767;0 0;0
840 KEY_A -32767;0 0;0
841 NONE -32767;0 0;0
842 KEY_A -32767;0 0;0
843 NONE -32767;0 0;0
844 KEY_A -32767;0 0;0
845 NONE -32767;0 0;0
846 KEY_A -32767;0 0;0
847 NONE -32767;0 0;0
848 KEY_A -32767;0 0;0
849 NONE -32767;0 0;0
850 KEY_A -32767;0 0;0
851 NONE -32767;0 0;0
852 KEY_A -32767;0 0;0
853 NONE -32767;0 0;0
854 KEY_A -32767;0 0;0
855 NONE -32767;0 0;0
856 KEY_A -32767;0 0;0
857 NONE -32767;0 0;0
858 KEY_A -32767;0 0;0
859 NONE -32767;0 0;0
860 KEY_A -32767;0 0;0
861 KEY_A -32767;0 0;0
862 KEY_A -32767;0 0;0
863 NONE -32767;0 0;0
864 KEY_A -32767;0 0;0
865 NONE -32767;0 0;0
866 KEY_A -32767;0 0;0
867 NONE -32767;0 0;0
868 KEY_A -32767;0 0;0
869 NONE -32767;0 0;0
870 KEY_A -32767;0 0;0
871 NONE -32767;0 0;0
872 KEY_A -32767;0 0;0
873 NONE -32767;0 0;0
874 KEY_A -32767;0 0;0
875 NONE -32767;0 0;0
876 KEY_A -32767;0 0;0
877 NONE -32767;0 0;0
878 KEY_A -32767;0 0;0
879 NONE -32767;0 0;0
880 KEY_A -32767;0 0;0
881 NONE -32767;0 0;0
882 KEY_A -32767;0 0;0
883 NONE -32767;0 0;0
884 KEY_A -32767;0 0;0
885 NONE -32767;0 0;0
886 KEY_A -32767;0 0;0
887 NONE -32767;0 0;0
888 KEY_A -32767;0 0;0
889 NONE -32767;0 0;0
890 KEY_A -32767;0 0;0
891 NONE -32767;0 0;0
892 KEY_A -32767;0 0;0
893 NONE -32767;0 0;0
894 KEY_A -32767;0 0;0
895 NONE -32767;0 0;0
896 KEY_A -32767;0 0;0
897 NONE -32767;0 0;0
898 KEY_A -32767;0 0;0
899 NONE -32767;0 0;0
900 KEY_A -32767;0 0;0
901 NONE -32767;0 0;0
902 KEY_A -32767;0 0;0
903 NONE -32767;0 0;0
904 KEY_A -32767;0 0;0
905 NONE -32767;0 0;0
906 KEY_A -32767;0 0;0
907 NONE -32767;0 0;0
908 KEY_A -32767;0 0;0
909 NONE -32767;0 0;0
910 KEY_A -32767;0 0;0
911 NONE -32767;0 0;0
912 KEY_A -32767;0 0;0
913 NONE -32767;0 0;0
914 KEY_A -32767;0 0;0
915 NONE -32767;0 0;0
916 KEY_A -32767;0 0;0
917 NONE -32767;0 0;0
918 KEY_A -32767;0 0;0
919 NONE -32767;0 0;0
920 KEY_A -32767;0 0;0
921 NONE -32767;0 0;0
922 KEY_A -32767;0 0;0
923 NONE -32767;0 0;0
924 KEY_A -32767;0 0;0
925 NONE -32767;0 0;0
926 KEY_A -32767;0 0;0
927 NONE -32767;0 0;0
928 KEY_A -32767;0 0;0
929 NONE -32767;0 0;0
930 KEY_A -32767;0 0;0
931 NONE -32767;0 0;0
932 KEY_A -32767;0 0;0
933 NONE -32767;0 0;0
934 KEY_A -32767;0 0;0
935 NONE -32767;0 0;0
936 KEY_A -32767;0 0;0
937 NONE -32767;0 0;0
938 KEY_A -32767;0 0;0
939 NONE -32767;0 0;0
940 KEY_A -32767;0 0;0
941 NONE -32767;0 0;0
942 KEY_A -32767;0 0;0
943 NONE -32767;0 0;0
944 KEY_A -32767;0 0;0
945 NONE -32767;0 0;0
946 KEY_A -32767;0 0;0
948 KEY_A 0;0 0;0
950 KEY_A 0;0 0;0
952 KEY_A 0;0 0;0
954 KEY_A 0;0 0;0
956 KEY_A 0;0 0;0
958 KEY_A 0;0 0;0
960 KEY_A 0;0 0;0
962 KEY_A 32767;0 0;0
963 NONE 32767;0 0;0
964 KEY_A 32767;0 0;0
965 NONE 32767;0 0;0
966 KEY_A 32767;0 0;0
967 NONE 32767;0 0;0
968 KEY_A 32767;0 0;0
969 NONE 32767;0 0;0
970 KEY_A 32767;0 0;0
971 NONE 32767;0 0;0
972 KEY_A 32767;0 0;0
973 NONE 32767;0 0;0
974 KEY_A 32767;0 0;0
975 NONE 32767;0 0;0
976 KEY_A 32767;0 0;0
977 NONE 32767;0 0;0
978 KEY_A 32767;0 0;0
979 NONE 32767;0 0;0
980 KEY_A 32767;0 0;0
981 NONE 32767;0 0;0
982 KEY_A 32767;0 0;0
983 NONE 32767;0 0;0
984 KEY_A 32767;0 0;0
985 NONE 32767;0 0;0
986 KEY_A 32767;0 0;0
987 NONE 32767;0 0;0
988 KEY_A 32767;0 0;0
989 NONE 32767;0 0;0
990 KEY_A 32767;0 0;0
991 NONE 32767;0 0;0
992 KEY_A 32767;0 0;0
993 NONE 32767;0 0;0
994 KEY_A 32767;0 0;0
995 NONE 32767;0 0;0
996 KEY_A 32767;0 0;0
997 NONE 32767;0 0;0
998 KEY_A 32767;0 0;0
999 NONE 32767;0 0;0
1000 KEY_A 32767;0 0;0
1001 NONE 32767;0 0;0
1002 KEY_A 32767;0 0;0
1003 NONE 32767;0 0;0
1004 KEY_A 32767;0 0;0
1005 NONE 32767;0 0;0
1006 KEY_A 32767;0 0;0
1007 NONE 32767;0 0;0
1008 KEY_A 32767;0 0;0
1009 NONE 32767;0 0;0
1010 KEY_A 32767;0 0;0
1011 NONE 32767;0 0;0
1012 KEY_A 32767;0 0;0
1013 NONE 32767;0 0;0
1014 KEY_A 32767;0 0;0
1015 NONE 32767;0 0;0
1016 KEY_A 32767;0 0;0
1017 NONE 32767;0 0;0
1018 KEY_A 32767;0 0;0
1019 NONE 32767;0 0;0
1020 KEY_A 32767;0 0;0
1021 NONE 32767;0 0;0
1022 KEY_A 32767;0 0;0
1023 NONE 32767;0 0;0
1024 KEY_A 32767;0 0;0
1025 NONE 32767;0 0;0
1026 KEY_A 32767;0 0;0
1027 NONE 32767;0 0;0
1028 KEY_A 32767;0 0;0
1029 NONE 32767;0 0;0
1030 KEY_A 32767;0 0;0
1031 NONE 32767;0 0;0
1032 KEY_A 32767;0 0;0
1033 NONE 32767;0 0;0
1034 KEY_A 32767;0 0;0
1035 NONE 32767;0 0;0
1036 KEY_A 32767;0 0;0
1037 NONE 32767;0 0;0
1038 KEY_A -32767;0 0;0
1039 NONE -32767;0 0;0
1040 KEY_A -32767;0 0;0
1041 NONE -32767;0 0;0
1042 KEY_A -32767;0 0;0
1043 NONE -32767;0 0;0
1044 KEY_A -32767;0 0;0
1045 NONE -32767;0 0;0
1046 KEY_A -32767;0 0;0
1047 NONE -32767;0 0;0
1048 KEY_A -32767;0 0;0
1049 NONE -32767;0 0;0
1050 KEY_A -32767;0 0;0
1051 NONE -32767;0 0;0
1052 KEY_A -32767;0 0;0
1053 NONE -32767;0 0;0
1054 KEY_A -32767;0 0;0
1055 NONE -32767;0 0;0
1056 KEY_A -32767;0 0;0
1057 NONE -32767;0 0;0
1058 KEY_A -32767;0 0;0
1059 NONE -32767;0 0;0
1060 KEY_A -32767;0 0;0
1061 NONE -32767;0 0;0
1062 KEY_A -32767;0 0;0
1063 NONE -32767;0 0;0
1064 KEY_A -32767;0 0;0
1065 NONE -32767;0 0;0
1066 KEY_A -32767;0 0;0
1067 NONE -32767;0 0;0
1068 KEY_A -32767;0 0;0
1069 NONE -32767;0 0;0
1070 KEY_A -32767;0 0;0
1071 NONE -32767;0 0;0
1072 KEY_A -32767;0 0;0
1073 NONE -32767;0 0;0
1074 KEY_A -32767;0 0;0
1075 NONE -32767;0 0;0
1076 KEY_A -32767;0 0;0
1077 NONE -32767;0 0;0
1078 KEY_A -32767;0 0;0
1079 NONE -32767;0 0;0
1080 KEY_A -32767;0 0;0
1081 NONE -32767;0 0;0
1082 KEY_A -32767;0 0;0
1083 NONE -32767;0 0;0
1084 KEY_A -32767;0 0;0
1085 NONE -32767;0 0;0
1086 KEY_A -32767;0 0;0
1087 NONE -32767;0 0;0
1088 KEY_A -32767;0 0;0
1089 NONE -32767;0 0;0
1090 KEY_A -32767;0 0;0
1091 NONE -32767;0 0;0
1092 KEY_A -32767;0 0;0
1093 NONE -32767;0 0;0
1094 KEY_A -32767;0 0;0
1095 NONE -32767;0 0;0
1096 KEY_A -32767;0 0;0
1097 NONE -32767;0 0;0
1098 KEY_A -32767;0 0;0
1099 NONE -32767;0 0;0
1100 KEY_A -32767;0 0;0
1101 NONE -32767;0 0;0
1102 KEY_A -32767;0 0;0
1103 NONE -32767;0 0;0
1104 KEY_A -32767;0 0;0
1105 NONE -32767;0 0;0
1106 KEY_A -32767;0 0;0
1107 NONE -32767;0 0;0
1108 KEY_A -32767;0 0;0
1109 NONE -32767;0 0;0
1110 KEY_A -32767;0 0;0
1111 NONE -32767;0 0;0
1112 KEY_A -32767;0 0;0
1113 NONE -32767;0 0;0
1114 KEY_A -32767;0 0;0
1115 NONE -32767;0 0;0
1116 KEY_A -32767;0 0;0
1117 NONE -32767;0 0;0
1118 KEY_A -32767;0 0;0
1119 NONE -32767;0 0;0
1120 KEY_A -32767;0 0;0
1121 NONE -32767;0 0;0
1122 KEY_A -32767;0 0;0
1123 NONE -32767;0 0;0
1124 KEY_A -32767;0 0;0
1125 NONE -32767;0 0;0
1126 KEY_A -32767;0 0;0
1127 NONE -32767;0 0;0
1128 KEY_A -32767;0 0;0
1129 NONE -32767;0 0;0
1130 KEY_A -32767;0 0;0
1131 NONE -32767;0 0;0
1132 KEY_A -32767;0 0;0
1133 NONE -32767;0 0;0
1134 KEY_A -32767;0 0;0
1135 NONE -32767;0 0;0
1136 KEY_A -32767;0 0;0
1137 NONE -32767;0 0;0
1138 KEY_A -32767;0 0;0
1139 NONE -32767;0 0;0
1140 KEY_A -32767;0 0;0
1141 NONE -32767;0 0;0
1142 KEY_A -32767;0 0;0
1143 NONE -32767;0 0;0
1144 KEY_A -32767;0 0;0
1145 NONE -32767;0 0;0
1146 KEY_A -32767;0 0;0
1147 NONE -32767;0 0;0
1148 KEY_A -32767;0 0;0
1149 NONE -32767;0 0;0
1150 KEY_A -32767;0 0;0
1151 NONE -32767;0 0;0
1152 KEY_A -32767;0 0;0
1153 NONE -32767;0 0;0
1154 KEY_A -32767;0 0;0
1155 NONE -32767;0 0;0
1156 KEY_A -32767;0 0;0
1157 NONE -32767;0 0;0
1158 KEY_A -32767;0 0;0
1159 NONE -32767;0 0;0
1160 KEY_A -32767;0 0;0
1161 NONE -32767;0 0;0
1162 KEY_A -32767;0 0;0
1163 NONE -32767;0 0;0
1164 KEY_A -32767;0 0;0
1165 NONE -32767;0 0;0
1166 KEY_A -32767;0 0;0
1167 NONE -32767;0 0;0
1168 KEY_A -32767;0 0;0
1169 NONE -32767;0 0;0
1170 KEY_A -32767;0 0;0
1171 NONE -32767;0 0;0
1172 KEY_A -32767;0 0;0
1173 NONE -32767;0 0;0
1174 KEY_A -32767;0 0;0
1175 NONE -32767;0 0;0
1176 KEY_A -32767;0 0;0
1177 NONE -32767;0 0;0
1178 KEY_A -32767;0 0;0
1179 NONE -32767;0 0;0
1180 KEY_A -32767;0 0;0
1181 NONE -32767;0 0;0
1182 KEY_A -32767;0 0;0
1183 NONE -32767;0 0;0
1184 KEY_A -32767;0 0;0
1185 NONE -32767;0 0;0
1186 KEY_A -32767;0 0;0
1187 NONE -32767;0 0;0
1188 KEY_A -32767;0 0;0
1189 NONE -32767;0 0;0
1190 KEY_A -32767;0 0;0
1191 NONE -32767;0 0;0
1192 KEY_A -32767;0 0;0
1193 NONE -32767;0 0;0
1194 KEY_A -32767;0 0;0
1195 NONE -32767;0 0;0
1196 KEY_A -32767;0 0;0
1197 NONE -32767;0 0;0
1198 KEY_A -32767;0 0;0
1199 NONE -32767;0 0;0
1200 KEY_A -32767;0 0;0
1201 NONE -32767;0 0;0
1202 KEY_A -32767;0 0;0
1204 KEY_A 0;0 0;0
1206 KEY_A 0;0 0;0
1208 KEY_A 0;0 0;0
1210 KEY_A 0;0 0;0
1212 KEY_A 0;0 0;0
1214 KEY_A 0;0 0;0
1216 KEY_A 0;0 0;0
1218 KEY_A 0;0 0;0
1220 KEY_A 0;0 0;0
1222 KEY_A 0;0 0;0
1224 KEY_A 0;0 0;0
1226 KEY_A 0;0 0;0
1227 NONE 32767;0 0;0
1228 KEY_A 32767;0 0;0
1229 NONE 32767;0 0;0
1230 KEY_A 32767;0 0;0
1231 NONE 32767;0 0;0
1232 KEY_A 32767;0 0;0
1233 NONE 32767;0 0;0
1234 KEY_A 32767;0 0;0
1235 NONE 32767;0 0;0
1236 KEY_A 32767;0 0;0
1237 NONE 32767;0 0;0
1238 KEY_A 32767;0 0;0
1239 NONE 32767;0 0;0
1240 KEY_A 32767;0 0;0
1241 NONE 32767;0 0;0
1242 KEY_A 32767;0 0;0
1243 NONE 32767;0 0;0
1244 KEY_A 32767;0 0;0
1245 NONE 32767;0 0;0
1246 KEY_A 32767;0 0;0
1247 NONE 32767;0 0;0
1248 KEY_A 32767;0 0;0
1249 NONE 32767;0 0;0
1250 KEY_A 32767;0 0;0
1251 NONE 32767;0 0;0
1252 KEY_A 32767;0 0;0
1253 NONE 32767;0 0;0
1254 KEY_A 32767;0 0;0
1255 NONE 32767;0 0;0
1256 KEY_A 32767;0 0;0
1257 NONE 32767;0 0;0
1258 KEY_A 32767;0 0;0
1259 NONE 32767;0 0;0
1260 KEY_A 32767;0 0;0
1261 NONE 32767;0 0;0
1262 KEY_A 32767;0 0;0
1263 NONE 32767;0 0;0
1264 KEY_A 32767;0 0;0
1265 NONE 32767;0 0;0
1266 KEY_A 32767;0 0;0
1267 NONE 32767;0 0;0
1268 KEY_A 32767;0 0;0
1269 NONE 32767;0 0;0
1270 KEY_A 32767;0 0;0
1271 NONE 32767;0 0;0
1272 KEY_A 32767;0 0;0
1273 NONE 32767;0 0;0
1274 KEY_A 32767;0 0;0
1275 NONE 32767;0 0;0
1276 KEY_A 32767;0 0;0
1277 NONE 32767;0 0;0
1278 KEY_A 32767;0 0;0
1279 NONE 32767;0 0;0
1280 KEY_A 32767;0 0;0
1281 NONE 32767;0 0;0
1282 KEY_A 32767;0 0;0
1283 NONE 32767;0 0;0
1284 KEY_A 32767;0 0;0
1285 NONE 32767;0 0;0
1286 KEY_A 32767;0 0;0
1287 NONE 32767;0 0;0
1288 KEY_A 32767;0 0;0
1289 NONE 32767;0 0;0
1290 KEY_A 32767;0 0;0
1291 NONE 32767;0 0;0
1292 KEY_A 32767;0 0;0
1293 NONE 32767;0 0;0
1294 KEY_A 32767;0 0;0
1295 NONE 32767;0 0;0
1296 KEY_A 32767;0 0;0
1297 NONE 32767;0 0;0
1298 KEY_A 32767;0 0;0
1299 NONE 32767;0 0;0
1300 KEY_A 32767;0 0;0
1301 NONE 32767;0 0;0
1302 KEY_A 32767;0 0;0
1303 NONE 32767;0 0;0
1304 KEY_A 32767;0 0;0
1305 NONE 32767;0 0;0
1306 KEY_A 32767;0 0;0
1307 NONE 32767;0 0;0
1308 KEY_A 32767;0 0;0
1309 NONE 32767;0 0;0
1310 KEY_A 32767;0 0;0
1311 NONE 32767;0 0;0
1312 KEY_A 32767;0 0;0
1313 NONE 32767;0 0;0
1314 KEY_A 32767;0 0;0
1315 NONE 32767;0 0;0
1316 KEY_A 32767;0 0;0
1317 NONE 32767;0 0;0
1318 KEY_A 32767;0 0;0
1319 NONE 32767;0 0;0
1320 KEY_A 32767;0 0;0
1321 NONE 32767;0 0;0
1322 KEY_A 32767;0 0;0
1323 NONE 32767;0 0;0
1324 KEY_A 32767;0 0;0
1325 NONE 32767;0 0;0
1326 KEY_A 32767;0 0;0
1327 NONE 32767;0 0;0
1328 KEY_A 32767;0 0;0
1329 NONE 32767;0 0;0
1330 KEY_A 32767;0 0;0
1331 NONE 32767;0 0;0
1332 KEY_A 32767;0 0;0
1333 NONE 32767;0 0;0
1334 KEY_A 32767;0 0;0
1335 NONE 32767;0 0;0
1336 KEY_A 0;0 0;0
1338 KEY_A 0;0 0;0
1340 KEY_A 0;0 0;0
1342 KEY_A 0;0 0;0
1344 KEY_A 32767;0 0;0
1345 NONE 32767;0 0;0
1346 KEY_A 32767;0 0;0
1347 NONE 32767;0 0;0
1348 KEY_A 32767;0 0;0
1349 NONE 32767;0 0;0
1350 KEY_A 32767;0 0;0
1351 NONE 32767;0 0;0
1352 KEY_A 32767;0 0;0
1353 NONE 32767;0 0;0
1354 KEY_A 32767;0 0;0
1355 NONE 32767;0 0;0
1356 KEY_A 32767;0 0;0
1357 NONE 32767;0 0;0
1358 KEY_A 32767;0 0;0
1359 NONE 32767;0 0;0
1360 KEY_A 32767;0 0;0
1361 NONE 32767;0 0;0
1362 KEY_A 32767;0 0;0
1363 NONE 32767;0 0;0
1364 KEY_A 32767;0 0;0
1365 NONE 32767;0 0;0
1366 KEY_A 32767;0 0;0
1367 NONE 32767;0 0;0
1368 KEY_A 32767;0 0;0
1369 NONE 32767;0 0;0
1370 KEY_A 32767;0 0;0
1371 NONE 32767;0 0;0
1372 KEY_A 32767;0 0;0
1373 NONE 32767;0 0;0
1374 KEY_A 32767;0 0;0
1375 NONE 32767;0 0;0
1376 KEY_A 32767;0 0;0
1377 NONE 32767;0 0;0
1378 KEY_A 32767;0 0;0
1379 NONE 32767;0 0;0
1380 KEY_A 32767;0 0;0
1381 NONE 32767;0 0;0
1382 KEY_A 32767;0 0;0
1383 NONE 32767;0 0;0
1384 KEY_A 32767;0 0;0
1385 NONE 32767;0 0;0
1386 KEY_A 32767;0 0;0
1387 NONE 32767;0 0;0
1388 KEY_A 32767;0 0;0
1389 NONE 32767;0 0;0
1390 KEY_A 32767;0 0;0
1391 NONE 32767;0 0;0
1392 KEY_A 32767;0 0;0
1393 NONE 32767;0 0;0
1394 KEY_A 32767;0 0;0
1395 NONE 32767;0 0;0
1396 KEY_A 32767;0 0;0
1397 NONE 32767;0 0;0
1398 KEY_A 32767;0 0;0
1399 NONE 32767;0 0;0
1400 KEY_A 32767;0 0;0
1401 NONE 32767;0 0;0
1402 KEY_A 32767;0 0;0
1403 NONE 32767;0 0;0
1404 KEY_A 32767;0 0;0
1405 NONE 32767;0 0;0
1406 KEY_A 32767;0 0;0
1407 NONE 32767;0 0;0
1408 KEY_A 32767;0 0;0
1409 NONE 32767;0 0;0
1410 KEY_A 32767;0 0;0
1411 NONE 32767;0 0;0
1412 KEY_A 32767;0 0;0
1413 NONE 32767;0 0;0
1414 KEY_A 32767;0 0;0
1415 NONE 32767;0 0;0
1416 KEY_A 32767;0 0;0
1417 NONE 32767;0 0;0
1418 KEY_A 32767;0 0;0
1419 NONE -32767;0 0;0
1420 KEY_A -32767;0 0;0
1421 NONE -32767;0 0;0
1422 KEY_A -32767;0 0;0
1423 NONE -32767;0 0;0
1424 KEY_A -32767;0 0;0
1425 NONE -32767;0 0;0
1426 KEY_A -32767;0 0;0
1427 NONE -32767;0 0;0
1428 KEY_A -32767;0 0;0
1429 NONE -32767;0 0;0
1430 KEY_A -32767;0 0;0
1431 NONE -32767;0 0;0
1432 KEY_A -32767;0 0;0
1433 NONE -32767;0 0;0
1434 KEY_A -32767;0 0;0
1435 NONE -32767;0 0;0
1436 KEY_A -32767;0 0;0
1437 NONE -32767;0 0;0
1438 KEY_A -32767;0 0;0
1439 NONE -32767;0 0;0
1440 KEY_A -32767;0 0;0
1441 NONE -32767;0 0;0
1442 KEY_A -32767;0 0;0
1443 NONE -32767;0 0;0
1444 KEY_A -32767;0 0;0
1445 NONE -32767;0 0;0
1446 KEY_A -32767;0 0;0
1447 NONE -32767;0 0;0
1448 KEY_A -32767;0 0;0
1449 NONE -32767;0 0;0
1450 KEY_A -32767;0 0;0
1451 NONE -32767;0 0;0
1452 KEY_A -32767;0 0;0
1453 NONE -32767;0 0;0
1454 KEY_A -32767;0 0;0
1455 NONE -32767;0 0;0
1456 KEY_A -32767;0 0;0
1457 NONE -32767;0 0;0
1458 KEY_A -32767;0 0;0
1459 NONE -32767;0 0;0
1460 KEY_A -32767;0 0;0
1461 NONE -32767;0 0;0
1462 KEY_A -32767;0 0;0
1463 NONE -32767;0 0;0
1464 KEY_A -32767;0 0;0
1465 NONE -32767;0 0;0
1466 KEY_A -32767;0 0;0
1467 NONE -32767;0 0;0
1468 KEY_A -32767;0 0;0
1469 NONE -32767;0 0;0
1470 KEY_A -32767;0 0;0
1471 NONE -32767;0 0;0
1472 KEY_A -32767;0 0;0
1473 NONE -32767;0 0;0
1474 KEY_A -32767;0 0;0
1475 NONE -32767;0 0;0
1476 KEY_A -32767;0 0;0
1477 NONE -32767;0 0;0
1478 KEY_A -32767;0 0;0
1479 NONE -32767;0 0;0
1480 KEY_A -32767;0 0;0
1481 NONE -32767;0 0;0
1482 KEY_A -32767;0 0;0
1483 NONE -32767;0 0;0
1484 KEY_A -32767;0 0;0
1485 NONE -32767;0 0;0
1486 KEY_A -32767;0 0;0
1487 NONE -32767;0 0;0
1488 KEY_A -32767;0 0;0
1489 NONE -32767;0 0;0
1490 KEY_A -32767;0 0;0
1491 NONE -32767;0 0;0
1492 KEY_A -32767;0 0;0
1493 NONE -32767;0 0;0
1494 KEY_A -32767;0 0;0
1495 NONE -32767;0 0;0
1496 KEY_A -32767;0 0;0
1497 NONE -32767;0 0;0
1498 KEY_A -32767;0 0;0
1499 NONE -32767;0 0;0
1500 KEY_A -32767;0 0;0
1501 NONE -32767;0 0;0
1502 KEY_A -32767;0 0;0
1503 NONE -32767;0 0;0
1504 KEY_A -32767;0 0;0
1505 NONE -32767;0 0;0
1506 KEY_A -32767;0 0;0
1507 NONE -32767;0 0;0
1508 KEY_A -32767;0 0;0
1509 NONE -32767;0 0;0
1510 KEY_A -32767;0 0;0
1511 NONE -32767;0 0;0
1512 KEY_A -32767;0 0;0
1513 NONE -32767;0 0;0
1514 KEY_A -32767;0 0;0
1515 NONE -32767;0 0;0
1516 KEY_A -32767;0 0;0
1517 NONE -32767;0 0;0
1518 KEY_A -32767;0 0;0
1519 NONE -32767;0 0;0
1520 KEY_A -32767;0 0;0
1521 NONE -32767;0 0;0
1522 KEY_A -32767;0 0;0
1523 NONE -32767;0 0;0
1524 KEY_A -32767;0 0;0
1525 NONE -32767;0 0;0
1526 KEY_A -32767;0 0;0
1527 NONE -32767;0 0;0
1528 KEY_A -32767;0 0;0
1529 NONE -32767;0 0;0
1530 KEY_A -32767;0 0;0
1531 NONE -32767;0 0;0
1532 KEY_A -32767;0 0;0
1533 NONE -32767;0 0;0
1534 KEY_A -32767;0 0;0
1535 NONE -32767;0 0;0
1536 KEY_A -32767;0 0;0
1537 NONE -32767;0 0;0
1538 KEY_A -32767;0 0;0
1539 NONE -32767;0 0;0
1540 KEY_A -32767;0 0;0
1541 NONE -32767;0 0;0
1542 KEY_A -32767;0 0;0
1543 NONE -32767;0 0;0
1544 KEY_A -32767;0 0;0
1545 NONE -32767;0 0;0
1546 KEY_A -32767;0 0;0
1547 NONE -32767;0 0;0
1548 KEY_A -32767;0 0;0
1549 NONE -32767;0 0;0
1550 KEY_A -32767;0 0;0
1551 NONE -32767;0 0;0
1552 KEY_A -32767;0 0;0
1553 NONE -32767;0 0;0
1554 KEY_A -32767;0 0;0
1555 NONE -32767;0 0;0
1556 KEY_A -32767;0 0;0
1557 NONE -32767;0 0;0
1558 KEY_A -32767;0 0;0
1559 NONE -32767;0 0;0
1560 KEY_A -32767;0 0;0
1561 NONE -32767;0 0;0
1562 KEY_A -32767;0 0;0
1563 NONE -32767;0 0;0
1564 KEY_A -32767;0 0;0
1565 NONE -32767;0 0;0
1566 KEY_A -32767;0 0;0
1567 NONE -32767;0 0;0
1568 KEY_A -32767;0 0;0
1569 NONE -32767;0 0;0
1570 KEY_A -32767;0 0;0
1571 NONE -32767;0 0;0
1572 KEY_A -32767;0 0;0
1573 NONE -32767;0 0;0
1574 KEY_A -32767;0 0;0
1575 NONE -32767;0 0;0
1576 KEY_A -32767;0 0;0
1577 NONE -32767;0 0;0
1578 KEY_A -32767;0 0;0
1579 NONE -32767;0 0;0
1580 KEY_A -32767;0 0;0
1581 NONE -32767;0 0;0
1582 KEY_A -32767;0 0;0
1583 NONE -32767;0 0;0
1584 KEY_A -32767;0 0;0
1585 NONE -32767;0 0;0
1586 KEY_A -32767;0 0;0
1587 NONE -32767;0 0;0
1588 KEY_A -32767;0 0;0
1589 NONE -32767;0 0;0
1590 KEY_A -32767;0 0;0
1591 NONE -32767;0 0;0
1592 KEY_A -32767;0 0;0
1593 NONE -32767;0 0;0
1594 KEY_A -32767;0 0;0
1595 NONE -32767;0 0;0
1596 KEY_A -32767;0 0;0
1597 NONE -32767;0 0;0
1598 KEY_A -32767;0 0;0
1599 NONE -32767;0 0;0
1600 KEY_A -32767;0 0;0
1601 NONE -32767;0 0;0
1602 KEY_A -32767;0 0;0
1603 NONE -32767;0 0;0
1604 KEY_A -32767;0 0;0
1605 NONE -32767;0 0;0
1606 KEY_A -32767;0 0;0
1607 NONE -32767;0 0;0
1608 KEY_A -32767;0 0;0
1609 NONE -32767;0 0;0
1610 KEY_A -32767;0 0;0
1611 NONE -32767;0 0;0
1612 KEY_A -32767;0 0;0
1613 NONE -32767;0 0;0
1614 KEY_A -32767;0 0;0
1615 NONE -32767;0 0;0
1616 KEY_A -32767;0 0;0
1617 NONE -32767;0 0;0
1618 KEY_A -32767;0 0;0
1619 NONE -32767;0 0;0
1620 KEY_A -32767;0 0;0
1621 NONE -32767;0 0;0
1622 KEY_A -32767;0 0;0
1624 KEY_A 0;0 0;0
1626 KEY_A 0;0 0;0
1628 KEY_A 0;0 0;0
1630 KEY_A 0;0 0;0
1632 KEY_A 0;0 0;0
1634 KEY_A 0;0 0;0
1636 KEY_A 0;0 0;0
1638 KEY_A 0;0 0;0
1640 KEY_A 0;0 0;0
1642 KEY_A 0;0 0;0
1644 KEY_A 0;0 0;0
1646 KEY_A 0;0 0;0
1648 KEY_A 0;0 0;0
1650 KEY_A 0;0 0;0
1652 KEY_A 0;0 0;0
1654 KEY_A 0;0 0;0
1656 KEY_A 0;0 0;0
1658 KEY_A 0;0 0;0
1660 KEY_A 0;0 0;0
1662 KEY_A 0;0 0;0
1664 KEY_A 0;0 0;0
1666 KEY_A 0;0 0;0
1668 KEY_A 0;0 0;0
1670 KEY_A 0;0 0;0
1672 KEY_A 0;0 0;0
1674 KEY_A 0;0 0;0
1676 KEY_A 0;0 0;0
1678 KEY_A 0;0 0;0
1680 KEY_A 0;0 0;0
1682 KEY_A 0;0 0;0
1684 KEY_A 0;0 0;0
1686 KEY_A 0;0 0;0
1688 KEY_A 0;0 0;0
1690 KEY_A 0;0 0;0
1692 KEY_A 0;0 0;0
1694 KEY_A 0;0 0;0
1696 KEY_A 0;0 0;0
1698 KEY_A 0;0 0;0
1700 KEY_A 0;0 0;0
1702 KEY_A 0;0 0;0
1704 KEY_A 0;0 0;0
1706 KEY_A 0;0 0;0
1708 KEY_A 0;0 0;0
1710 KEY_A 0;0 0;0
1712 KEY_A 0;0 0;0
1714 KEY_A 0;0 0;0
1716 KEY_A 0;0 0;0
1718 KEY_A 0;0 0;0
1720 KEY_A 0;0 0;0
1722 KEY_A 0;0 0;0
1724 KEY_A 0;0 0;0
1726 KEY_A 0;0 0;0
1728 KEY_A 0;0 0;0
1730 KEY_A 0;0 0;0
1732 KEY_A 0;0 0;0
1734 KEY_A 0;0 0;0
1736 KEY_A 0;0 0;0
1738 KEY_A 0;0 0;0
1740 KEY_A 0;0 0;0
1742 KEY_A 0;0 0;0
1744 KEY_A 0;0 0;0
1746 KEY_A 0;0 0;0
1748 KEY_A 0;0 0;0
1750 KEY_A 0;0 0;0
1752 KEY_A 0;0 0;0
1754 KEY_A 0;0 0;0
1756 KEY_A 0;0 0;0
1758 KEY_A 0;0 0;0
1760 KEY_A 0;0 0;0
1762 KEY_A 0;0 0;0
1764 KEY_A 0;0 0;0
1766 KEY_A 0;0 0;0
1768 KEY_A 0;0 0;0
1770 KEY_A 0;0 0;0
1772 KEY_A 0;0 0;0
1774 KEY_A 0;0 0;0
1776 KEY_A 0;0 0;0
1778 KEY_A 0;0 0;0
1780 KEY_A 0;0 0;0
1782 KEY_A 0;0 0;0
1784 KEY_A 0;0 0;0
1786 KEY_A 0;0 0;0
1788 KEY_A 0;0 0;0
1790 KEY_A 0;0 0;0
1792 KEY_A 0;0 0;0
1794 KEY_A 0;0 0;0
1796 KEY_A 0;0 0;0
1798 KEY_A 0;0 0;0
1800 KEY_A 0;0 0;0
1802 KEY_A 0;0 0;0
1804 KEY_A 0;0 0;0
1806 KEY_A 0;0 0;0
1808 KEY_A 0;0 0;0
1810 KEY_A 0;0 0;0
1812 KEY_A 0;0 0;0
1814 KEY_A 0;0 0;0
1816 KEY_A 0;0 0;0
1818 KEY_A 0;0 0;0
1820 KEY_A 0;0 0;0
1822 KEY_A 0;0 0;0
1824 KEY_A 0;0 0;0
1826 KEY_A 0;0 0;0
1828 KEY_A 0;0 0;0
1830 KEY_A 0;0 0;0
1832 KEY_A 0;0 0;0
1834 KEY_A 0;0 0;0
1836 KEY_A 0;0 0;0
1838 KEY_A 0;0 0;0
1840 KEY_A 0;0 0;0
1842 KEY_A 0;0 0;0
1844 KEY_A 0;0 0;0
1846 KEY_A 0;0 0;0
1848 KEY_A 0;0 0;0
1850 KEY_A 0;0 0;0
1852 KEY_A 0;0 0;0
1854 KEY_A 0;0 0;0
1856 KEY_A 0;0 0;0
1858 KEY_A 0;0 0;0
1860 KEY_A 0;0 0;0
1862 KEY_A 0;0 0;0
1864 KEY_A 0;0 0;0
1866 KEY_A 0;0 0;0
1868 KEY_A 0;0 0;0
1870 KEY_A 0;0 0;0
1872 KEY_A 0;0 0;0
1874 KEY_A 0;0 0;0
1876 KEY_A 0;0 0;0
1878 KEY_A 0;0 0;0
1880 KEY_A 0;0 0;0
1882 KEY_A 0;0 0;0
1884 KEY_A 0;0 0;0
1886 KEY_A 0;0 0;0
1888 KEY_A 0;0 0;0
1890 KEY_A 0;0 0;0
1892 KEY_A 0;0 0;0
1894 KEY_A 0;0 0;0
1896 KEY_A 0;0 0;0
1898 KEY_A 0;0 0;0
1900 KEY_A 0;0 0;0
1902 KEY_A 0;0 0;0
1904 KEY_A 0;0 0;0
1906 KEY_A 0;0 0;0
1908 KEY_A 0;0 0;0
1910 KEY_A 0;0 0;0
1912 KEY_A 0;0 0;0
1914 KEY_A 0;0 0;0
1916 KEY_A 0;0 0;0
1918 KEY_A 0;0 0;0
1920 KEY_A 0;0 0;0
1922 KEY_A 0;0 0;0
1924 KEY_A 0;0 0;0
1926 KEY_A 0;0 0;0
1928 KEY_A 0;0 0;0
1930 KEY_A 0;0 0;0
1932 KEY_A 0;0 0;0
1934 KEY_A 0;0 0;0
1936 KEY_A 0;0 0;0
1938 KEY_A 0;0 0;0
1940 KEY_A 0;0 0;0
1942 KEY_A 0;0 0;0
1944 KEY_A 0;0 0;0
1946 KEY_A 0;0 0;0
1948 KEY_A 0;0 0;0
1950 KEY_A 0;0 0;0
