200 KEY_A 0;0 0;0
202 KEY_A 0;0 0;0
204 KEY_A 0;0 0;0
206 KEY_A 0;0 0;0
208 KEY_A 0;0 0;0
210 KEY_A 0;0 0;0
212 KEY_A 0;0 0;0
214 KEY_A 0;0 0;0
216 KEY_A 0;0 0;0
218 KEY_A 0;0 0;0
220 KEY_A 0;0 0;0
222 KEY_A 0;0 0;0
224 KEY_A 0;0 0;0
226 KEY_A 0;0 0;0
228 KEY_A 0;0 0;0
230 KEY_A 0;0 0;0
232 KEY_A 0;0 0;0
234 KEY_A 0;0 0;0
236 KEY_A 0;0 0;0
238 KEY_A 0;0 0;0
240 KEY_A 0;0 0;0
242 KEY_A 0;0 0;0
244 KEY_A 0;0 0;0
246 KEY_A 0;0 0;0
248 KEY_A 0;0 0;0
250 KEY_A 0;32767 0;0
251 NONE 0;32767 0;0
252 KEY_A 0;32767 0;0
253 NONE 0;32767 0;0
254 KEY_A 0;32767 0;0
255 NONE 0;32767 0;0
256 KEY_A 0;32767 0;0
257 NONE 0;32767 0;0
258 KEY_A 0;32767 0;0
259 NONE 0;32767 0;0
260 KEY_A 0;32767 0;0
261 NONE 0;32767 0;0
262 KEY_A 0;32767 0;0
263 NONE 0;32767 0;0
264 KEY_A 0;32767 0;0
265 NONE 0;32767 0;0
266 KEY_A 0;32767 0;0
267 NONE 0;32767 0;0
268 KEY_A 0;32767 0;0
269 NONE 0;32767 0;0
270 KEY_A 0;32767 0;0
271 NONE 0;32767 0;0
272 KEY_A 0;32767 0;0
273 NONE 0;32767 0;0
274 KEY_A 0;32767 0;0
275 NONE 0;32767 0;0
276 KEY_A 0;32767 0;0
277 NONE 0;32767 0;0
278 KEY_A 0;32767 0;0
279 NONE 0;32767 0;0
280 KEY_A 0;32767 0;0
281 NONE 0;32767 0;0
282 KEY_A 0;32767 0;0
283 NONE 0;32767 0;0
284 KEY_A 0;32767 0;0
285 NONE 0;32767 0;0
286 KEY_A 0;32767 0;0
287 NONE 0;32767 0;0
288 KEY_A 0;32767 0;0
289 NONE 0;32767 0;0
290 KEY_A 0;32767 0;0
291 NONE 0;32767 0;0
292 KEY_A 0;32767 0;0
293 NONE 0;32767 0;0
294 KEY_A 0;32767 0;0
295 NONE 0;32767 0;0
296 KEY_A 0;32767 0;0
297 NONE 0;32767 0;0
298 KEY_A 0;32767 0;0
299 NONE 0;32767 0;0
300 KEY_A 0;32767 0;0
301 NONE 0;32767 0;0
302 KEY_A 0;32767 0;0
303 NONE 0;32767 0;0
304 KEY_A 0;32767 0;0
305 NONE 0;32767 0;0
306 KEY_A 0;32767 0;0
307 NONE 0;32767 0;0
308 KEY_A 0;32767 0;0
309 NONE 0;32767 0;0
310 KEY_A 0;32767 0;0
311 NONE 0;32767 0;0
312 KEY_A 0;32767 0;0
313 NONE 0;32767 0;0
314 KEY_A 0;32767 0;0
315 NONE 0;32767 0;0
316 KEY_A 0;32767 0;0
317 NONE 0;32767 0;0
318 KEY_A 0;32767 0;0
319 NONE 0;32767 0;0
320 KEY_A 0;32767 0;0
321 NONE 0;32767 0;0
322 KEY_A 0;32767 0;0
323 NONE 0;32767 0;0
324 KEY_A 0;32767 0;0
325 NONE 0;32767 0;0
326 KEY_A 0;32767 0;0
327 NONE 0;32767 0;0
328 KEY_A 0;32767 0;0
329 NONE 0;32767 0;0
330 KEY_A 0;32767 0;0
331 NONE 0;32767 0;0
332 KEY_A 0;32767 0;0
333 NONE 0;32767 0;0
334 KEY_A 0;32767 0;0
335 NONE 0;32767 0;0
336 KEY_A 0;32767 0;0
337 NONE 0;32767 0;0
338 KEY_A 0;32767 0;0
339 NONE 0;32767 0;0
340 NONE 0;32767 0;0
341 NONE 0;32767 0;0
342 NONE 0;32767 0;0
343 NONE 0;32767 0;0
344 NONE 0;32767 0;0
345 NONE 0;32767 0;0
346 NONE 0;32767 0;0
347 NONE 0;32767 0;0
348 NONE 0;32767 0;0
349 NONE 0;32767 0;0
350 NONE 0;32767 0;0
351 NONE 0;32767 0;0
352 NONE 0;32767 0;0
353 NONE 0;32767 0;0
354 NONE 0;32767 0;0
355 NONE 0;32767 0;0
356 NONE 0;32767 0;0
357 NONE 0;32767 0;0
358 NONE 0;32767 0;0
359 NONE 0;32767 0;0
360 NONE 0;32767 0;0
361 NONE 0;32767 0;0
362 NONE 0;32767 0;0
363 NONE 0;32767 0;0
364 NONE 0;32767 0;0
365 NONE 0;32767 0;0
366 NONE 0;32767 0;0
367 NONE 0;32767 0;0
368 NONE 0;32767 0;0
369 NONE 0;32767 0;0
370 NONE 0;32767 0;0
371 NONE 0;32767 0;0
372 NONE 0;32767 0;0
373 NONE 0;32767 0;0
374 NONE 0;32767 0;0
375 NONE 0;32767 0;0
376 NONE 0;32767 0;0
377 NONE 0;32767 0;0
378 NONE 0;32767 0;0
379 NONE 0;32767 0;0
380 NONE 0;32767 0;0
381 NONE 0;32767 0;0
382 NONE 0;32767 0;0
383 NONE 0;32767 0;0
384 NONE 0;32767 0;0
385 NONE 0;32767 0;0
386 NONE 0;32767 0;0
387 NONE 0;32767 0;0
388 NONE 0;32767 0;0
389 NONE 0;32767 0;0
390 NONE 0;32767 0;0
391 NONE 0;32767 0;0
392 NONE 0;32767 0;0
393 NONE 0;32767 0;0
394 NONE 0;32767 0;0
395 NONE 0;32767 0;0
396 NONE 0;32767 0;0
397 NONE 0;32767 0;0
398 NONE 0;32767 0;0
399 NONE 0;32767 0;0
400 NONE -32767;0 0;0
401 NONE -32767;0 0;0
402 NONE -32767;0 0;0
403 NONE -32767;0 0;0
404 NONE -32767;0 0;0
405 NONE -32767;0 0;0
406 NONE -32767;0 0;0
407 NONE -32767;0 0;0
408 NONE -32767;0 0;0
409 NONE -32767;0 0;0
410 NONE -32767;0 0;0
411 NONE -32767;0 0;0
412 NONE -32767;0 0;0
413 NONE -32767;0 0;0
414 NONE -32767;0 0;0
415 NONE -32767;0 0;0
416 NONE -32767;0 0;0
417 NONE -32767;0 0;0
418 NONE -32767;0 0;0
419 NONE -32767;0 0;0
420 NONE -32767;0 0;0
421 NONE -32767;0 0;0
422 NONE -32767;0 0;0
423 NONE -32767;0 0;0
424 NONE -32767;0 0;0
425 NONE -32767;0 0;0
426 NONE -32767;0 0;0
427 NONE -32767;0 0;0
428 NONE -32767;0 0;0
429 NONE -32767;0 0;0
430 NONE -32767;0 0;0
431 NONE -32767;0 0;0
432 NONE -32767;0 0;0
433 NONE -32767;0 0;0
434 NONE -32767;0 0;0
435 NONE -32767;0 0;0
436 NONE -32767;0 0;0
437 NONE -32767;0 0;0
438 NONE -32767;0 0;0
439 NONE -32767;0 0;0
440 NONE -32767;0 0;0
441 NONE -32767;0 0;0
442 NONE -32767;0 0;0
443 NONE -32767;0 0;0
444 NONE -32767;0 0;0
445 NONE -32767;0 0;0
446 NONE -32767;0 0;0
447 NONE -32767;0 0;0
448 NONE -32767;0 0;0
449 NONE -32767;0 0;0
450 NONE -32767;0 0;0
451 NONE -32767;0 0;0
452 NONE -32767;0 0;0
453 NONE -32767;0 0;0
454 NONE -32767;0 0;0
455 NONE -32767;0 0;0
456 NONE -32767;0 0;0
457 NONE -32767;0 0;0
458 NONE -32767;0 0;0
459 NONE -32767;0 0;0
460 NONE -32767;0 0;0
461 NONE -32767;0 0;0
462 NONE -32767;0 0;0
463 NONE -32767;0 0;0
464 NONE -32767;0 0;0
465 NONE -32767;0 0;0
466 NONE -32767;0 0;0
467 NONE -32767;0 0;0
468 NONE -32767;0 0;0
469 NONE -32767;0 0;0
470 NONE 0;32767 0;0
471 NONE 0;32767 0;0
472 NONE 0;32767 0;0
473 NONE 0;32767 0;0
474 NONE 0;32767 0;0
475 NONE 0;32767 0;0
476 NONE 0;32767 0;0
477 NONE 0;32767 0;0
478 NONE 0;32767 0;0
479 NONE 0;32767 0;0
480 NONE 0;32767 0;0
481 NONE 0;32767 0;0
482 NONE 0;32767 0;0
483 NONE 0;32767 0;0
484 NONE 0;32767 0;0
485 NONE 0;32767 0;0
486 NONE 0;32767 0;0
487 NONE 0;32767 0;0
488 NONE 0;32767 0;0
489 NONE 0;32767 0;0
490 NONE 0;32767 0;0
491 NONE 0;32767 0;0
492 NONE 0;32767 0;0
493 NONE 0;32767 0;0
494 NONE 0;32767 0;0
495 NONE 0;32767 0;0
496 NONE 0;32767 0;0
497 NONE 0;32767 0;0
498 NONE 0;32767 0;0
499 NONE 0;32767 0;0
500 NONE 0;32767 0;0
501 NONE 0;32767 0;0
502 NONE 0;32767 0;0
503 NONE 0;32767 0;0
504 NONE 0;32767 0;0
505 NONE 0;32767 0;0
506 NONE 0;32767 0;0
507 NONE 0;32767 0;0
508 NONE 0;32767 0;0
509 NONE 0;32767 0;0
510 NONE 0;32767 0;0
511 NONE 0;32767 0;0
512 NONE 0;32767 0;0
513 NONE 0;32767 0;0
514 NONE 0;32767 0;0
515 NONE 0;32767 0;0
516 NONE 0;32767 0;0
517 NONE 0;32767 0;0
518 NONE 0;32767 0;0
519 NONE 0;32767 0;0
520 NONE 0;32767 0;0
521 NONE 0;32767 0;0
522 NONE 0;32767 0;0
523 NONE 0;32767 0;0
524 NONE 0;32767 0;0
525 NONE 0;32767 0;0
526 NONE 0;32767 0;0
527 NONE 0;32767 0;0
528 NONE 0;32767 0;0
529 NONE 0;32767 0;0
530 NONE 0;32767 0;0
531 NONE 0;32767 0;0
532 NONE 0;32767 0;0
533 NONE 0;32767 0;0
534 NONE 0;32767 0;0
535 NONE 0;32767 0;0
536 NONE 0;32767 0;0
537 NONE 0;32767 0;0
538 NONE 0;32767 0;0
539 NONE 0;32767 0;0
540 NONE 0;32767 0;0
541 NONE 0;32767 0;0
542 NONE 0;32767 0;0
543 NONE 0;32767 0;0
544 NONE 0;32767 0;0
545 NONE 0;32767 0;0
546 NONE 0;32767 0;0
547 NONE 0;32767 0;0
548 NONE 0;32767 0;0
549 NONE 0;32767 0;0
550 NONE 0;32767 0;0
551 NONE 0;32767 0;0
552 NONE 0;32767 0;0
553 NONE 0;32767 0;0
554 NONE 0;32767 0;0
555 NONE 0;32767 0;0
556 NONE 0;32767 0;0
557 NONE 0;32767 0;0
558 NONE 0;32767 0;0
559 NONE 0;32767 0;0
560 NONE 0;32767 0;0
561 NONE 0;32767 0;0
562 NONE 0;32767 0;0
563 NONE 0;32767 0;0
564 NONE 0;32767 0;0
565 NONE 0;32767 0;0
566 NONE 0;32767 0;0
567 NONE 0;32767 0;0
568 NONE 0;32767 0;0
569 NONE 0;32767 0;0
570 NONE 0;32767 0;0
571 NONE 0;32767 0;0
572 NONE 0;32767 0;0
573 NONE 0;32767 0;0
574 NONE 0;32767 0;0
575 NONE 0;32767 0;0
576 NONE 0;32767 0;0
577 NONE -32767;0 0;0
578 NONE -32767;0 0;0
579 NONE -32767;0 0;0
580 NONE -32767;0 0;0
581 NONE -32767;0 0;0
582 NONE -32767;0 0;0
583 NONE -32767;0 0;0
584 NONE -32767;0 0;0
585 NONE -32767;0 0;0
586 NONE -32767;0 0;0
587 NONE -32767;0 0;0
588 NONE -32767;0 0;0
589 NONE -32767;0 0;0
590 NONE -32767;0 0;0
591 NONE -32767;0 0;0
592 NONE -32767;0 0;0
593 NONE -32767;0 0;0
594 NONE -32767;0 0;0
595 NONE -32767;0 0;0
596 NONE -32767;0 0;0
597 NONE -32767;0 0;0
598 NONE 0;32767 0;0
599 NONE 0;32767 0;0
600 NONE 0;32767 0;0
601 NONE 0;32767 0;0
602 NONE 0;32767 0;0
603 NONE 0;32767 0;0
604 NONE 0;32767 0;0
605 NONE 0;32767 0;0
606 NONE 0;32767 0;0
607 NONE 0;32767 0;0
608 NONE 0;32767 0;0
609 NONE 0;32767 0;0
610 NONE 0;32767 0;0
611 NONE 0;32767 0;0
612 NONE 0;32767 0;0
613 NONE -32767;0 0;0
614 NONE -32767;0 0;0
615 NONE -32767;0 0;0
616 NONE -32767;0 0;0
617 NONE -32767;0 0;0
618 NONE -32767;0 0;0
619 NONE -32767;0 0;0
620 NONE -32767;0 0;0
621 NONE -32767;0 0;0
622 NONE -32767;0 0;0
623 NONE -32767;0 0;0
624 NONE -32767;0 0;0
625 NONE -32767;0 0;0
626 NONE -32767;0 0;0
627 NONE -32767;0 0;0
628 NONE -32767;0 0;0
629 NONE -32767;0 0;0
630 NONE -32767;0 0;0
631 NONE -32767;0 0;0
632 NONE -32767;0 0;0
633 NONE -32767;0 0;0
634 NONE -32767;0 0;0
635 NONE -32767;0 0;0
636 NONE -32767;0 0;0
637 NONE -32767;0 0;0
638 NONE 0;32767 0;0
639 NONE 0;32767 0;0
640 NONE 0;32767 0;0
641 NONE 0;32767 0;0
642 NONE 0;32767 0;0
643 NONE 0;32767 0;0
644 NONE 0;32767 0;0
645 NONE 0;32767 0;0
646 NONE -32767;0 0;0
647 NONE -32767;0 0;0
648 NONE -32767;0 0;0
649 NONE -32767;0 0;0
650 NONE -32767;0 0;0
651 NONE -32767;0 0;0
652 NONE -32767;0 0;0
653 NONE -32767;0 0;0
654 NONE -32767;0 0;0
655 NONE -32767;0 0;0
656 NONE -32767;0 0;0
657 NONE -32767;0 0;0
658 NONE -32767;0 0;0
659 NONE -32767;0 0;0
660 NONE -32767;0 0;0
661 NONE -32767;0 0;0
662 NONE -32767;0 0;0
663 NONE -32767;0 0;0
664 NONE -32767;0 0;0
665 NONE -32767;0 0;0
666 NONE -32767;0 0;0
667 NONE -32767;0 0;0
668 NONE -32767;0 0;0
669 NONE -32767;0 0;0
670 NONE -32767;0 0;0
671 NONE 0;32767 0;0
672 NONE 0;32767 0;0
673 NONE 0;32767 0;0
674 NONE 0;32767 0;0
675 NONE 0;32767 0;0
676 NONE 0;32767 0;0
677 NONE -32767;0 0;0
678 NONE -32767;0 0;0
679 NONE -32767;0 0;0
680 NONE -32767;0 0;0
681 NONE -32767;0 0;0
682 NONE -32767;0 0;0
683 NONE -32767;0 0;0
684 NONE -32767;0 0;0
685 NONE -32767;0 0;0
686 NONE -32767;0 0;0
687 NONE -32767;0 0;0
688 NONE -32767;0 0;0
689 NONE -32767;0 0;0
690 NONE -32767;0 0;0
691 NONE -32767;0 0;0
692 NONE -32767;0 0;0
693 NONE -32767;0 0;0
694 NONE -32767;0 0;0
695 NONE -32767;0 0;0
696 NONE -32767;0 0;0
697 NONE -32767;0 0;0
698 NONE -32767;0 0;0
699 NONE -32767;0 0;0
700 NONE -32767;0 0;0
701 NONE -32767;0 0;0
702 NONE 0;32767 0;0
703 NONE 0;32767 0;0
704 NONE 0;32767 0;0
705 NONE 0;32767 0;0
706 NONE 0;32767 0;0
707 NONE 0;32767 0;0
708 NONE 0;32767 0;0
709 NONE 0;32767 0;0
710 NONE -32767;0 0;0
711 NONE -32767;0 0;0
712 NONE -32767;0 0;0
713 NONE -32767;0 0;0
714 NONE -32767;0 0;0
715 NONE -32767;0 0;0
716 NONE -32767;0 0;0
717 NONE -32767;0 0;0
718 NONE -32767;0 0;0
719 NONE -32767;0 0;0
720 NONE -32767;0 0;0
721 NONE -32767;0 0;0
722 NONE -32767;0 0;0
723 NONE -32767;0 0;0
724 NONE -32767;0 0;0
725 NONE -32767;0 0;0
726 NONE -32767;0 0;0
727 NONE -32767;0 0;0
728 NONE -32767;0 0;0
729 NONE -32767;0 0;0
730 NONE -32767;0 0;0
731 NONE -32767;0 0;0
732 NONE -32767;0 0;0
733 NONE -32767;0 0;0
734 NONE -32767;0 0;0
735 NONE 0;32767 0;0
736 NONE 0;32767 0;0
737 NONE 0;32767 0;0
738 NONE 0;32767 0;0
739 NONE 0;32767 0;0
740 NONE 0;32767 0;0
741 NONE 0;32767 0;0
742 NONE 0;32767 0;0
743 NONE -32767;0 0;0
744 NONE -32767;0 0;0
745 NONE -32767;0 0;0
746 NONE -32767;0 0;0
747 NONE -32767;0 0;0
748 NONE -32767;0 0;0
749 NONE -32767;0 0;0
750 NONE -32767;0 0;0
751 NONE -32767;0 0;0
752 NONE -32767;0 0;0
753 NONE -32767;0 0;0
754 NONE -32767;0 0;0
755 NONE -32767;0 0;0
756 NONE -32767;0 0;0
757 NONE -32767;0 0;0
758 NONE -32767;0 0;0
759 NONE -32767;0 0;0
760 NONE -32767;0 0;0
761 NONE -32767;0 0;0
762 NONE -32767;0 0;0
763 NONE -32767;0 0;0
764 NONE -32767;0 0;0
765 NONE -32767;0 0;0
766 NONE -32767;0 0;0
767 NONE -32767;0 0;0
768 NONE 0;32767 0;0
769 NONE 0;32767 0;0
770 NONE 0;32767 0;0
771 NONE 0;32767 0;0
772 NONE 0;32767 0;0
773 NONE 0;32767 0;0
774 NONE 0;32767 0;0
775 NONE 0;32767 0;0
776 NONE -32767;0 0;0
777 NONE -32767;0 0;0
778 NONE -32767;0 0;0
779 NONE -32767;0 0;0
780 NONE -32767;0 0;0
781 NONE -32767;0 0;0
782 NONE -32767;0 0;0
783 NONE -32767;0 0;0
784 NONE -32767;0 0;0
785 NONE -32767;0 0;0
786 NONE -32767;0 0;0
787 NONE -32767;0 0;0
788 NONE -32767;0 0;0
789 NONE -32767;0 0;0
790 NONE -32767;0 0;0
791 NONE -32767;0 0;0
792 NONE -32767;0 0;0
793 NONE -32767;0 0;0
794 NONE -32767;0 0;0
795 NONE -32767;0 0;0
796 NONE -32767;0 0;0
797 NONE -32767;0 0;0
798 NONE 0;32767 0;0
799 NONE 0;32767 0;0
800 NONE 0;32767 0;0
801 NONE 0;32767 0;0
802 NONE 0;32767 0;0
803 NONE 0;32767 0;0
804 NONE 0;32767 0;0
805 NONE 0;32767 0;0
806 NONE 0;32767 0;0
807 NONE 0;32767 0;0
808 NONE 0;32767 0;0
809 NONE 0;32767 0;0
810 NONE 0;32767 0;0
811 NONE 0;32767 0;0
812 NONE 0;32767 0;0
813 NONE 0;32767 0;0
814 NONE 0;32767 0;0
815 NONE 0;32767 0;0
816 NONE 0;32767 0;0
817 NONE 0;32767 0;0
818 NONE 0;32767 0;0
819 NONE 0;32767 0;0
820 NONE 0;32767 0;0
821 NONE 0;32767 0;0
822 NONE 0;32767 0;0
823 NONE 0;32767 0;0
824 NONE 0;32767 0;0
825 NONE 0;32767 0;0
826 NONE 0;32767 0;0
827 NONE 0;32767 0;0
828 NONE 0;32767 0;0
829 NONE 0;32767 0;0
830 NONE 0;32767 0;0
831 NONE 0;32767 0;0
832 NONE 0;32767 0;0
833 NONE 0;32767 0;0
834 NONE 0;32767 0;0
835 NONE 0;32767 0;0
836 NONE 0;32767 0;0
837 NONE 0;32767 0;0
838 NONE 0;32767 0;0
839 NONE 0;32767 0;0
840 NONE 0;32767 0;0
841 NONE 0;32767 0;0
842 NONE 0;32767 0;0
843 NONE 0;32767 0;0
844 NONE 0;32767 0;0
845 NONE 0;32767 0;0
846 NONE 0;32767 0;0
847 NONE 0;32767 0;0
848 NONE 0;32767 0;0
849 NONE 0;32767 0;0
850 NONE 0;32767 0;0
851 NONE 0;32767 0;0
852 NONE 0;32767 0;0
853 NONE 0;32767 0;0
854 NONE 0;32767 0;0
855 NONE 0;32767 0;0
856 NONE 0;32767 0;0
857 NONE 0;32767 0;0
858 NONE 0;32767 0;0
859 NONE 0;32767 0;0
860 NONE 0;32767 0;0
861 NONE 0;32767 0;0
862 NONE 0;32767 0;0
863 NONE 0;32767 0;0
864 NONE 0;32767 0;0
865 NONE 0;32767 0;0
866 NONE 0;32767 0;0
867 NONE 0;32767 0;0
868 NONE 0;32767 0;0
869 NONE 0;32767 0;0
870 NONE 0;32767 0;0
871 NONE 0;32767 0;0
872 NONE 0;32767 0;0
873 NONE 0;32767 0;0
874 NONE 0;32767 0;0
875 NONE 0;32767 0;0
876 NONE 0;32767 0;0
877 NONE 0;32767 0;0
878 NONE 0;32767 0;0
879 NONE 0;32767 0;0
880 NONE 0;32767 0;0
881 NONE 0;32767 0;0
882 NONE 0;32767 0;0
883 NONE 0;32767 0;0
884 NONE 0;32767 0;0
885 NONE 0;32767 0;0
886 NONE 0;32767 0;0
887 NONE 0;32767 0;0
888 NONE 0;32767 0;0
889 NONE 0;32767 0;0
890 NONE 0;32767 0;0
891 NONE 0;32767 0;0
892 NONE 0;32767 0;0
893 NONE 0;32767 0;0
894 NONE 0;32767 0;0
895 NONE 0;32767 0;0
896 NONE 0;32767 0;0
897 NONE 0;32767 0;0
898 NONE 0;32767 0;0
899 NONE 0;32767 0;0
900 NONE 0;32767 0;0
901 NONE 0;32767 0;0
902 NONE 0;32767 0;0
903 NONE 0;32767 0;0
904 NONE 0;32767 0;0
905 NONE 0;32767 0;0
906 NONE 0;32767 0;0
907 NONE 0;32767 0;0
908 NONE 0;32767 0;0
909 NONE 0;32767 0;0
910 NONE 0;32767 0;0
911 NONE 0;32767 0;0
912 NONE 0;32767 0;0
913 NONE 0;32767 0;0
914 NONE 0;32767 0;0
915 NONE 0;32767 0;0
916 NONE 0;32767 0;0
917 NONE 0;32767 0;0
918 NONE 0;32767 0;0
919 NONE 0;32767 0;0
920 NONE 0;32767 0;0
921 NONE 0;32767 0;0
922 NONE 0;32767 0;0
923 NONE 0;32767 0;0
924 NONE 0;32767 0;0
925 NONE 0;32767 0;0
926 NONE 0;32767 0;0
927 NONE 0;32767 0;0
928 NONE 0;32767 0;0
929 NONE 0;32767 0;0
930 NONE 0;32767 0;0
931 NONE 0;32767 0;0
932 NONE 0;32767 0;0
933 NONE 0;32767 0;0
934 NONE 0;32767 0;0
935 NONE 0;32767 0;0
936 NONE 0;32767 0;0
937 NONE 0;32767 0;0
938 NONE 0;32767 0;0
939 NONE 0;32767 0;0
940 NONE 0;32767 0;0
941 NONE 0;32767 0;0
942 NONE 0;32767 0;0
943 NONE 0;32767 0;0
944 NONE 0;32767 0;0
945 NONE 0;32767 0;0
946 NONE 0;32767 0;0
947 NONE 0;32767 0;0
948 NONE 0;32767 0;0
949 NONE 0;32767 0;0
950 NONE 0;32767 0;0
951 NONE 0;32767 0;0
952 NONE 0;32767 0;0
953 NONE 0;32767 0;0
954 NONE 0;32767 0;0
955 NONE 0;32767 0;0
956 NONE 0;32767 0;0
957 NONE 0;32767 0;0
958 NONE 0;32767 0;0
959 NONE 0;32767 0;0
960 NONE 0;32767 0;0
961 NONE 0;32767 0;0
962 NONE 0;32767 0;0
963 NONE 0;32767 0;0
964 NONE 0;32767 0;0
965 NONE 0;32767 0;0
966 NONE 0;32767 0;0
967 NONE 0;32767 0;0
968 NONE 0;32767 0;0
969 NONE 0;32767 0;0
970 NONE 0;32767 0;0
971 NONE 0;32767 0;0
972 NONE 0;32767 0;0
973 NONE 0;32767 0;0
974 NONE 0;32767 0;0
975 NONE 0;32767 0;0
976 NONE 0;32767 0;0
977 NONE 0;32767 0;0
978 NONE 0;32767 0;0
979 NONE 0;32767 0;0
980 NONE 0;32767 0;0
981 NONE 0;32767 0;0
982 NONE 0;32767 0;0
983 NONE 0;32767 0;0
984 NONE 0;32767 0;0
985 NONE 0;32767 0;0
986 NONE 0;32767 0;0
987 NONE 0;32767 0;0
988 NONE 0;32767 0;0
989 NONE 0;32767 0;0
990 NONE 0;32767 0;0
991 NONE 0;32767 0;0
992 NONE 0;32767 0;0
993 NONE 0;32767 0;0
994 NONE 0;32767 0;0
995 NONE 0;32767 0;0
996 NONE 0;32767 0;0
997 NONE 0;32767 0;0
998 NONE 0;32767 0;0
999 NONE 0;32767 0;0
1000 NONE 0;32767 0;0
1001 NONE 0;32767 0;0
1002 NONE 0;32767 0;0
1003 NONE 0;32767 0;0
1004 NONE 0;32767 0;0
1005 NONE 0;32767 0;0
1006 NONE 0;32767 0;0
1007 NONE 0;32767 0;0
1008 NONE 0;32767 0;0
1009 NONE 0;32767 0;0
1010 NONE 0;32767 0;0
1011 NONE 0;32767 0;0
1012 NONE 0;32767 0;0
1013 NONE 0;32767 0;0
1014 NONE 0;32767 0;0
1015 NONE 0;32767 0;0
1016 NONE 0;32767 0;0
1017 NONE 0;32767 0;0
1018 NONE 0;32767 0;0
1019 NONE 0;32767 0;0
1020 NONE 0;32767 0;0
1021 NONE 0;32767 0;0
1022 NONE 0;32767 0;0
1023 NONE 0;32767 0;0
1024 NONE 0;32767 0;0
1025 NONE 0;32767 0;0
1026 NONE 0;32767 0;0
1027 NONE 0;32767 0;0
1028 NONE 0;32767 0;0
1029 NONE 0;32767 0;0
1030 NONE 0;32767 0;0
1031 NONE 0;32767 0;0
1032 NONE 0;32767 0;0
1033 NONE 0;32767 0;0
1034 NONE 0;32767 0;0
1035 NONE 0;32767 0;0
1036 NONE 0;32767 0;0
1037 NONE 0;32767 0;0
1038 NONE 0;32767 0;0
1039 NONE 0;32767 0;0
1040 NONE 0;32767 0;0
1041 NONE 0;32767 0;0
1042 NONE 0;32767 0;0
1043 NONE 0;32767 0;0
1044 NONE 0;32767 0;0
1045 NONE 0;32767 0;0
1046 NONE 0;32767 0;0
1047 NONE 0;32767 0;0
1048 NONE 0;32767 0;0
1049 NONE 0;32767 0;0
1050 NONE 0;32767 0;0
1051 NONE 0;32767 0;0
1052 NONE 0;32767 0;0
1053 NONE 0;32767 0;0
1054 NONE 0;32767 0;0
1055 NONE 0;32767 0;0
1056 NONE 0;32767 0;0
1057 NONE 0;32767 0;0
1058 NONE 0;32767 0;0
1059 NONE 0;32767 0;0
1060 NONE 0;32767 0;0
1061 NONE 0;32767 0;0
1062 NONE 0;32767 0;0
1063 NONE 0;32767 0;0
1064 NONE -32767;0 0;0
1065 NONE -32767;0 0;0
1066 NONE -32767;0 0;0
1067 NONE -32767;0 0;0
1068 NONE -32767;0 0;0
1069 NONE -32767;0 0;0
1070 NONE -32767;0 0;0
1071 NONE -32767;0 0;0
1072 NONE -32767;0 0;0
1073 NONE -32767;0 0;0
1074 NONE -32767;0 0;0
1075 NONE -32767;0 0;0
1076 NONE -32767;0 0;0
1077 NONE -32767;0 0;0
1078 NONE -32767;0 0;0
1079 NONE -32767;0 0;0
1080 NONE -32767;0 0;0
1081 NONE -32767;0 0;0
1082 NONE -32767;0 0;0
1083 NONE -32767;0 0;0
1084 NONE -32767;0 0;0
1085 NONE -32767;0 0;0
1086 NONE -32767;0 0;0
1087 NONE -32767;0 0;0
1088 NONE -32767;0 0;0
1089 NONE -32767;0 0;0
1090 NONE -32767;0 0;0
1091 NONE -32767;0 0;0
1092 NONE -32767;0 0;0
1093 NONE -32767;0 0;0
1094 NONE -32767;0 0;0
1095 NONE -32767;0 0;0
1096 NONE -32767;0 0;0
1097 NONE -32767;0 0;0
1098 NONE -32767;0 0;0
1099 NONE -32767;0 0;0
1100 NONE -32767;0 0;0
1101 NONE -32767;0 0;0
1102 NONE -32767;0 0;0
1103 NONE -32767;0 0;0
1104 NONE -32767;0 0;0
1105 NONE -32767;0 0;0
1106 NONE -32767;0 0;0
1107 NONE -32767;0 0;0
1108 NONE -32767;0 0;0
1109 NONE -32767;0 0;0
1110 NONE -32767;0 0;0
1111 NONE -32767;0 0;0
1112 NONE -32767;0 0;0
1113 NONE -32767;0 0;0
1114 NONE -32767;0 0;0
1115 NONE -32767;0 0;0
1116 NONE -32767;0 0;0
1117 NONE -32767;0 0;0
1118 NONE -32767;0 0;0
1119 NONE -32767;0 0;0
1120 NONE -32767;0 0;0
1121 NONE -32767;0 0;0
1122 NONE -32767;0 0;0
1123 NONE -32767;0 0;0
1124 NONE -32767;0 0;0
1125 NONE -32767;0 0;0
1126 NONE -32767;0 0;0
1127 NONE -32767;0 0;0
1128 NONE -32767;0 0;0
1129 NONE -32767;0 0;0
1130 NONE -32767;0 0;0
1131 NONE -32767;0 0;0
1132 NONE -32767;0 0;0
1133 NONE -32767;0 0;0
1134 NONE -32767;0 0;0
1135 NONE -32767;0 0;0
1136 NONE -32767;0 0;0
1137 NONE -32767;0 0;0
1138 NONE -32767;0 0;0
1139 NONE -32767;0 0;0
1140 NONE -32767;0 0;0
1141 NONE -32767;0 0;0
1142 NONE -32767;0 0;0
1143 NONE -32767;0 0;0
1144 NONE -32767;0 0;0
1145 NONE -32767;0 0;0
1146 NONE -32767;0 0;0
1147 NONE -32767;0 0;0
1148 NONE -32767;0 0;0
1149 NONE -32767;0 0;0
1150 NONE -32767;0 0;0
1151 NONE -32767;0 0;0
1152 NONE -32767;0 0;0
1153 NONE -32767;0 0;0
1154 NONE -32767;0 0;0
1155 NONE -32767;0 0;0
1156 NONE -32767;0 0;0
1157 NONE -32767;0 0;0
1158 NONE -32767;0 0;0
1159 NONE -32767;0 0;0
1160 NONE 0;32767 0;0
1161 NONE 0;32767 0;0
1162 NONE 0;32767 0;0
1163 NONE 0;32767 0;0
1164 NONE 0;32767 0;0
1165 NONE -32767;0 0;0
1166 NONE -32767;0 0;0
1167 NONE -32767;0 0;0
1168 NONE -32767;0 0;0
1169 NONE -32767;0 0;0
1170 NONE -32767;0 0;0
1171 NONE -32767;0 0;0
1172 NONE -32767;0 0;0
1173 NONE -32767;0 0;0
1174 NONE -32767;0 0;0
1175 NONE -32767;0 0;0
1176 NONE -32767;0 0;0
1177 NONE -32767;0 0;0
1178 NONE -32767;0 0;0
1179 NONE -32767;0 0;0
1180 NONE -32767;0 0;0
1181 NONE 0;32767 0;0
1182 NONE 0;32767 0;0
1183 NONE 0;32767 0;0
1184 NONE 0;32767 0;0
1185 NONE 0;32767 0;0
1186 NONE 0;32767 0;0
1187 NONE 0;32767 0;0
1188 NONE 0;32767 0;0
1189 NONE 0;32767 0;0
1190 NONE 0;32767 0;0
1191 NONE 0;32767 0;0
1192 NONE 0;32767 0;0
1193 NONE 0;32767 0;0
1194 NONE 0;32767 0;0
1195 NONE 0;32767 0;0
1196 NONE 0;32767 0;0
1197 NONE 0;32767 0;0
1198 NONE 0;32767 0;0
1199 NONE 0;32767 0;0
1200 NONE 0;32767 0;0
1201 NONE 0;32767 0;0
1202 NONE 0;32767 0;0
1203 NONE 0;32767 0;0
1204 NONE 0;32767 0;0
1205 NONE 0;32767 0;0
1206 NONE 0;32767 0;0
1207 NONE 0;32767 0;0
1208 NONE 0;32767 0;0
1209 NONE 0;32767 0;0
1210 NONE 0;32767 0;0
1211 NONE 0;32767 0;0
1212 NONE 0;32767 0;0
1213 NONE 0;32767 0;0
1214 NONE 0;32767 0;0
1215 NONE 0;32767 0;0
1216 NONE 0;32767 0;0
1217 NONE 0;32767 0;0
1218 NONE 0;32767 0;0
1219 NONE 0;32767 0;0
1220 NONE 0;32767 0;0
1221 NONE 0;32767 0;0
1222 NONE 0;32767 0;0
1223 NONE 0;32767 0;0
1224 NONE 0;32767 0;0
1225 NONE 0;32767 0;0
1226 NONE 0;32767 0;0
1227 NONE 0;32767 0;0
1228 NONE 0;32767 0;0
1229 NONE 0;32767 0;0
1230 NONE 0;32767 0;0
1231 NONE 0;32767 0;0
1232 NONE 0;32767 0;0
1233 NONE 0;32767 0;0
1234 NONE 0;32767 0;0
1235 NONE 0;32767 0;0
1236 NONE 0;32767 0;0
1237 NONE 0;32767 0;0
1238 NONE 0;32767 0;0
1239 NONE 0;32767 0;0
1240 NONE 0;32767 0;0
1241 NONE 0;32767 0;0
1242 NONE 0;32767 0;0
1243 NONE 0;32767 0;0
1244 NONE 0;32767 0;0
1245 NONE 0;32767 0;0
1246 NONE 0;32767 0;0
1247 NONE 0;32767 0;0
1248 NONE 0;32767 0;0
1249 NONE 0;32767 0;0
1250 NONE 0;32767 0;0
1251 NONE 0;32767 0;0
1252 NONE 0;32767 0;0
1253 NONE 0;32767 0;0
1254 NONE 0;32767 0;0
1255 NONE 0;32767 0;0
1256 NONE 0;32767 0;0
1257 NONE 0;32767 0;0
1258 NONE 0;32767 0;0
1259 NONE 0;32767 0;0
1260 NONE 0;32767 0;0
1261 NONE 0;32767 0;0
1262 NONE 0;32767 0;0
1263 NONE 0;32767 0;0
1264 NONE 0;32767 0;0
1265 NONE 0;32767 0;0
1266 NONE 0;32767 0;0
1267 NONE 0;32767 0;0
1268 NONE 0;32767 0;0
1269 NONE 0;32767 0;0
1270 NONE 0;32767 0;0
1271 NONE 0;32767 0;0
1272 NONE 0;32767 0;0
1273 NONE 0;32767 0;0
1274 NONE 0;32767 0;0
